-2586933.1051396024 1.0000000000000000
-388747.24443885504 1.0000000000000000
-826330.68434726330 1.0000000000000000
275757.90498913167 1.0000000000000000
745154.91950965393 1.0000000000000000
344579.41894056305 1.0000000000000000
-337310.88425756921 1.0000000000000000
-1561206.2936724795 1.0000000000000000
527736.91934794036 1.0000000000000000
1067505.8259907553 1.0000000000000000
763812.21917865856 1.0000000000000000
2422526.2611751677 1.0000000000000000
-2753525.6443933113 1.0000000000000000
-1632791.1469892710 1.0000000000000000
27187.907276394493 1.0000000000000000
983738.51035562973 1.0000000000000000
1259410.0945946302 1.0000000000000000
-1166533.2325411213 1.0000000000000000
-253177.41477919352 1.0000000000000000
-1458289.9208440029 1.0000000000000000
-459093.60329677881 1.0000000000000000
-416977.22262313950 1.0000000000000000
665766.49289688491 1.0000000000000000
-400102.84052497311 1.0000000000000000
-91484.988382730691 1.0000000000000000
-653871.32628428633 1.0000000000000000
696190.25389573921 1.0000000000000000
-135602.57103775311 1.0000000000000000
2558122.1553648286 1.0000000000000000
1815357.3954747710 1.0000000000000000
334055.03032103658 1.0000000000000000
40085.842831054841 1.0000000000000000
-1121103.3037667668 1.0000000000000000
216975.77287264442 1.0000000000000000
-90012.785439119980 1.0000000000000000
806786.46223852178 1.0000000000000000
236948.49902221921 1.0000000000000000
1310480.8220334481 1.0000000000000000
651138.01016814925 1.0000000000000000
-319280.73639630986 1.0000000000000000
169645.74645445123 1.0000000000000000
1884069.4859595427 1.0000000000000000
-389499.07583026192 1.0000000000000000
1780295.5753586581 1.0000000000000000
-594368.97547568346 1.0000000000000000
-842772.18065646314 1.0000000000000000
2026329.1820797373 1.0000000000000000
-1784876.1503572904 1.0000000000000000
-11409.481607767972 1.0000000000000000
776902.09291779320 1.0000000000000000
108770.82648670723 1.0000000000000000
872896.84316630184 1.0000000000000000
-447000.91302675538 1.0000000000000000
-68399.118735142838 1.0000000000000000
200272.55042940855 1.0000000000000000
-1458946.0694465912 1.0000000000000000
-784102.99813420395 1.0000000000000000
1418162.7411468839 1.0000000000000000
821522.18607005593 1.0000000000000000
879696.00279159599 1.0000000000000000
-1691604.6568757410 1.0000000000000000
1010214.3349172056 1.0000000000000000
1737339.5225475871 1.0000000000000000
-1826714.9163506436 1.0000000000000000
-937373.47485829762 1.0000000000000000
-944226.33070275583 1.0000000000000000
-1999576.9955853766 1.0000000000000000
164234.18636858294 1.0000000000000000
1129549.8470995117 1.0000000000000000
-1782063.0534051282 1.0000000000000000
-715740.44062585535 1.0000000000000000
-307407.20264680381 1.0000000000000000
286195.63918912143 1.0000000000000000
2252504.6303038779 1.0000000000000000
-2359474.2615516046 1.0000000000000000
688617.72102862701 1.0000000000000000
550149.48257410538 1.0000000000000000
250878.00810754672 1.0000000000000000
-741806.26473370404 1.0000000000000000
-1232295.7917103530 1.0000000000000000
-451014.69707956992 1.0000000000000000
-1279515.3699233390 1.0000000000000000
1212453.4438562845 1.0000000000000000
213381.67290000568 1.0000000000000000
513181.82159485650 1.0000000000000000
676106.70727229968 1.0000000000000000
747019.60700974928 1.0000000000000000
440924.20561654924 1.0000000000000000
-897379.01708846842 1.0000000000000000
1313329.0768861331 1.0000000000000000
1044052.9381509509 1.0000000000000000
456066.01351273170 1.0000000000000000
-848338.33051795454 1.0000000000000000
-1540981.4558009687 1.0000000000000000
-1842386.1244992367 1.0000000000000000
343042.76276923617 1.0000000000000000
-844437.33600693161 1.0000000000000000
649153.29312275210 1.0000000000000000
-1171805.5962107966 1.0000000000000000
-286092.08079391095 1.0000000000000000
-531543.19409075927 1.0000000000000000
245706.25357212048 1.0000000000000000
2621972.1955302092 1.0000000000000000
-1604715.9662644891 1.0000000000000000
1815937.0889490815 1.0000000000000000
1445963.6180895702 1.0000000000000000
272483.58614951599 1.0000000000000000
-1214855.1926716578 1.0000000000000000
896557.41276435601 1.0000000000000000
-1755380.7947739081 1.0000000000000000
-133640.58370605391 1.0000000000000000
-192688.57896394617 1.0000000000000000
792235.54466384451 1.0000000000000000
-1500363.3645182736 1.0000000000000000
420296.36583914998 1.0000000000000000
1160330.7923517127 1.0000000000000000
-2368678.9127686811 1.0000000000000000
771174.53792756912 1.0000000000000000
-736427.06172720238 1.0000000000000000
11018.706153738538 1.0000000000000000
952117.84914925986 1.0000000000000000
443653.01199231262 1.0000000000000000
-1140329.0211624259 1.0000000000000000
-1914901.9725632586 1.0000000000000000
1770793.1637728531 1.0000000000000000
1768235.0459094425 1.0000000000000000
-1046031.5056291416 1.0000000000000000
624041.83890265913 1.0000000000000000
-610623.74396430317 1.0000000000000000
68338.439677177972 1.0000000000000000
-1962308.5843863478 1.0000000000000000
1341044.0159552810 1.0000000000000000
1648323.5733600073 1.0000000000000000
1185401.7842278657 1.0000000000000000
1811200.7257260554 1.0000000000000000
317487.19990805729 1.0000000000000000
791446.57045420224 1.0000000000000000
-3952564.0836842316 1.0000000000000000
-68177.019099001962 1.0000000000000000
91439.866727178916 1.0000000000000000
-742670.65444038098 1.0000000000000000
-1079161.7820508564 1.0000000000000000
-1488953.3802329565 1.0000000000000000
-739686.41206442739 1.0000000000000000
-182383.21412336684 1.0000000000000000
954835.78463214997 1.0000000000000000
-1414777.9921812327 1.0000000000000000
-458373.98776010185 1.0000000000000000
289986.61084091716 1.0000000000000000
2477041.1667475989 1.0000000000000000
484714.92915100558 1.0000000000000000
307980.10037716472 1.0000000000000000
880803.57590169832 1.0000000000000000
-468413.11659575958 1.0000000000000000
-105141.32194531467 1.0000000000000000
-1533643.3598201212 1.0000000000000000
365508.33220322302 1.0000000000000000
1916950.1539183033 1.0000000000000000
-69784.834449197821 1.0000000000000000
-9900.8189830649480 1.0000000000000000
-2834030.4120236770 1.0000000000000000
1306439.8570258892 1.0000000000000000
-1152258.2315164048 1.0000000000000000
-8818.3315266658246 1.0000000000000000
-1943174.9658657985 1.0000000000000000
1568431.1627472155 1.0000000000000000
179773.74816864071 1.0000000000000000
-1576768.7468141154 1.0000000000000000
644408.53702780895 1.0000000000000000
695103.38847124204 1.0000000000000000
1569596.9037896250 1.0000000000000000
957249.50162286579 1.0000000000000000
1337843.1077750502 1.0000000000000000
-776154.22850271035 1.0000000000000000
-335507.60721119482 1.0000000000000000
352178.99111226480 1.0000000000000000
951632.07221489330 1.0000000000000000
-485272.16801100690 1.0000000000000000
-2079345.3574998134 1.0000000000000000
334422.78656168381 1.0000000000000000
1069469.4919885735 1.0000000000000000
1002641.7480754222 1.0000000000000000
245872.69410962603 1.0000000000000000
-1157879.8930731355 1.0000000000000000
254903.76202030171 1.0000000000000000
-258245.74647046818 1.0000000000000000
141293.97830524980 1.0000000000000000
1597083.1430990915 1.0000000000000000
-260164.90236481416 1.0000000000000000
191534.87973467479 1.0000000000000000
228428.52792951916 1.0000000000000000
241797.33900244781 1.0000000000000000
1212273.1651706388 1.0000000000000000
-946918.36016378144 1.0000000000000000
1696310.8376912775 1.0000000000000000
1980736.6847387115 1.0000000000000000
742833.61085075117 1.0000000000000000
-1013945.7443334111 1.0000000000000000
-771296.63274884992 1.0000000000000000
306262.53589226713 1.0000000000000000
-458135.22635161632 1.0000000000000000
-113216.40797586173 1.0000000000000000
-1018707.9811434452 1.0000000000000000
-442792.63144900015 1.0000000000000000
102929.38099925019 1.0000000000000000
-3046824.4781930614 1.0000000000000000
-866570.01518177439 1.0000000000000000
-1806302.3638291257 1.0000000000000000
947169.95413522376 1.0000000000000000
-1070598.4944336023 1.0000000000000000
2442417.2976287883 1.0000000000000000
568602.54390295886 1.0000000000000000
-68543.343225279357 1.0000000000000000
-357054.86441577133 1.0000000000000000
1749678.0962547539 1.0000000000000000
-986706.86183943565 1.0000000000000000
-1063886.5195246565 1.0000000000000000
1299086.6201121216 1.0000000000000000
-72979.760263624048 1.0000000000000000
877924.25404735724 1.0000000000000000
-2330145.6468667798 1.0000000000000000
-648409.48698829440 1.0000000000000000
-1874952.9277647976 1.0000000000000000
-267721.76798467262 1.0000000000000000
38668.606982025623 1.0000000000000000
-617954.86708018347 1.0000000000000000
419105.17080496927 1.0000000000000000
1898185.4929657236 1.0000000000000000
1943008.0731321606 1.0000000000000000
-897773.26261712390 1.0000000000000000
174016.21513112279 1.0000000000000000
201323.48487534793 1.0000000000000000
2583318.8223414179 1.0000000000000000
-825027.60162231338 1.0000000000000000
-1195178.2951147526 1.0000000000000000
-185218.94169201967 1.0000000000000000
772.45752904994583 1.0000000000000000
-1088859.2352852139 1.0000000000000000
-1131063.7601786060 1.0000000000000000
-1416383.4913835456 1.0000000000000000
629426.50917984347 1.0000000000000000
1321915.0234054788 1.0000000000000000
-723398.18402919872 1.0000000000000000
64957.986131404090 1.0000000000000000
924256.83511125832 1.0000000000000000
1035966.9710590092 1.0000000000000000
-628416.45534677210 1.0000000000000000
985366.30287604348 1.0000000000000000
-1677131.5898809598 1.0000000000000000
266298.70379336301 1.0000000000000000
-1272876.4886423536 1.0000000000000000
335518.01548522554 1.0000000000000000
468430.62918859744 1.0000000000000000
1865894.6322527421 1.0000000000000000
609537.32390920748 1.0000000000000000
-176334.22200580908 1.0000000000000000
-2852342.5456255297 1.0000000000000000
-419505.38093120640 1.0000000000000000
-569998.13261121872 1.0000000000000000
-1027708.1241702525 1.0000000000000000
-582028.72435688367 1.0000000000000000
-2668532.1873830510 1.0000000000000000
-471952.54979271506 1.0000000000000000
-103601.55236441903 1.0000000000000000
-583522.25786538271 1.0000000000000000
4544.1987325115524 1.0000000000000000
-796632.19367845939 1.0000000000000000
-766856.50072843407 1.0000000000000000
1301442.7859356732 1.0000000000000000
-1535359.5967229935 1.0000000000000000
1464802.1180453971 1.0000000000000000
-477430.83539617277 1.0000000000000000
-2248319.1890312685 1.0000000000000000
213281.04140247538 1.0000000000000000
21977.396421867441 1.0000000000000000
1226695.3133855422 1.0000000000000000
408464.22023788880 1.0000000000000000
1787786.5560749411 1.0000000000000000
-197808.37112727569 1.0000000000000000
-94551.995892586740 1.0000000000000000
939236.70969322359 1.0000000000000000
2661125.6480547315 1.0000000000000000
493911.09638935048 1.0000000000000000
-1124104.3685422165 1.0000000000000000
-391954.95697750809 1.0000000000000000
-1283885.6891869444 1.0000000000000000
274411.10652754869 1.0000000000000000
1664737.3354371216 1.0000000000000000
457559.72742876020 1.0000000000000000
-26427.822455142588 1.0000000000000000
-2824935.9569045994 1.0000000000000000
740154.57635204960 1.0000000000000000
596125.36366258119 1.0000000000000000
2978294.0086409356 1.0000000000000000
-199241.13443105403 1.0000000000000000
1656739.8730529652 1.0000000000000000
1377285.0600550105 1.0000000000000000
167890.19830819537 1.0000000000000000
-242789.78227291079 1.0000000000000000
-74649.227477060485 1.0000000000000000
1129191.9269795429 1.0000000000000000
-1619011.1729253503 1.0000000000000000
-757209.52168556291 1.0000000000000000
381922.72146308195 1.0000000000000000
-352318.44777167286 1.0000000000000000
-575361.36064993509 1.0000000000000000
724387.94428629940 1.0000000000000000
-3670356.1620274624 1.0000000000000000
-1820609.3041619123 1.0000000000000000
749108.55837522622 1.0000000000000000
-1022844.6386494202 1.0000000000000000
-760785.88735277660 1.0000000000000000
681455.05985184771 1.0000000000000000
-622711.87306635920 1.0000000000000000
-3366182.4639347298 1.0000000000000000
-1050978.7705103667 1.0000000000000000
205401.77259009177 1.0000000000000000
587747.04453372257 1.0000000000000000
223414.74466024979 1.0000000000000000
1969610.0161215893 1.0000000000000000
281475.15979947901 1.0000000000000000
-531889.43868662091 1.0000000000000000
-986197.59662551631 1.0000000000000000
-1299138.1720082371 1.0000000000000000
-441565.21973573882 1.0000000000000000
-951555.08352267533 1.0000000000000000
190392.83311144909 1.0000000000000000
1241586.1745917213 1.0000000000000000
-1268713.3878801286 1.0000000000000000
1028530.7550398987 1.0000000000000000
159839.59875132793 1.0000000000000000
-866126.89308600698 1.0000000000000000
2024784.9016393286 1.0000000000000000
148520.32377724635 1.0000000000000000
2760040.4073316315 1.0000000000000000
84053.868584910611 1.0000000000000000
1027910.4316759221 1.0000000000000000
-1916137.0438446708 1.0000000000000000
-396691.36242691311 1.0000000000000000
-1368356.5049924278 1.0000000000000000
-156985.41334507646 1.0000000000000000
-1129264.0480235436 1.0000000000000000
1762054.1258811143 1.0000000000000000
-866006.58438026905 1.0000000000000000
144911.44897290820 1.0000000000000000
387138.00655926822 1.0000000000000000
1275987.5501302194 1.0000000000000000
-531500.72083098523 1.0000000000000000
-641939.79648563860 1.0000000000000000
3483813.7033301303 1.0000000000000000
156978.08381193996 1.0000000000000000
820004.08055516053 1.0000000000000000
-767826.35526142234 1.0000000000000000
-84505.631571361024 1.0000000000000000
827879.91534225724 1.0000000000000000
-1841648.7708456055 1.0000000000000000
223999.19704234498 1.0000000000000000
847148.26358412101 1.0000000000000000
-480423.73937300127 1.0000000000000000
-1069936.2661344903 1.0000000000000000
-244918.76057693403 1.0000000000000000
-591790.73986768816 1.0000000000000000
-1856025.6470266802 1.0000000000000000
-1095681.7423466428 1.0000000000000000
618692.51468764595 1.0000000000000000
-2321716.7107310295 1.0000000000000000
-518602.31641798659 1.0000000000000000
-2049953.3519789777 1.0000000000000000
-1380858.5638865484 1.0000000000000000
503844.33276450017 1.0000000000000000
-979688.43021877494 1.0000000000000000
-605666.52332872117 1.0000000000000000
-1235922.1261631071 1.0000000000000000
-95560.619824223642 1.0000000000000000
1217966.3775784401 1.0000000000000000
-260267.05918188684 1.0000000000000000
-302337.08896319376 1.0000000000000000
1007108.2413208465 1.0000000000000000
-134770.27963869390 1.0000000000000000
421922.02782033541 1.0000000000000000
257658.01187798733 1.0000000000000000
-1094901.7357644385 1.0000000000000000
1064634.5739669001 1.0000000000000000
-620629.40444403992 1.0000000000000000
1090069.6782880623 1.0000000000000000
2104300.7350064213 1.0000000000000000
-60617.295181574504 1.0000000000000000
-272016.90579004795 1.0000000000000000
156380.58233429550 1.0000000000000000
1498421.9324559341 1.0000000000000000
-310638.19232614402 1.0000000000000000
100617.03966651950 1.0000000000000000
-1066884.1301248544 1.0000000000000000
-446100.36407429090 1.0000000000000000
1347992.8950888435 1.0000000000000000
-919527.87513997185 1.0000000000000000
788604.45424204809 1.0000000000000000
-1121810.4462292981 1.0000000000000000
-1505991.8078876985 1.0000000000000000
-1312532.1062271721 1.0000000000000000
978310.71214456705 1.0000000000000000
1202447.9069911139 1.0000000000000000
-856535.04636186676 1.0000000000000000
-767189.13396309176 1.0000000000000000
-2409716.0383845405 1.0000000000000000
181957.58674785285 1.0000000000000000
-2531268.2977705239 1.0000000000000000
-618195.91112493095 1.0000000000000000
-909090.50310623203 1.0000000000000000
1296813.5751998995 1.0000000000000000
-287087.26695147436 1.0000000000000000
1606128.6550971861 1.0000000000000000
1823824.1679378904 1.0000000000000000
637401.47022847494 1.0000000000000000
-1519973.0182134656 1.0000000000000000
704081.56530130515 1.0000000000000000
-572846.86269582633 1.0000000000000000
-907745.62059151195 1.0000000000000000
1361770.4230285916 1.0000000000000000
-1938316.9475313623 1.0000000000000000
180425.95166258406 1.0000000000000000
1794133.4991462748 1.0000000000000000
1030154.1294822090 1.0000000000000000
-881373.34119637765 1.0000000000000000
1753945.6439310296 1.0000000000000000
-871888.20345188992 1.0000000000000000
276238.05103088362 1.0000000000000000
-307861.03541677713 1.0000000000000000
-573026.60145641176 1.0000000000000000
-1175219.8051959344 1.0000000000000000
-775667.74317156547 1.0000000000000000
1317831.5675390486 1.0000000000000000
-732570.23216106044 1.0000000000000000
-1184704.1754457422 1.0000000000000000
3090274.5685621030 1.0000000000000000
445372.07750907331 1.0000000000000000
-1244412.6309999593 1.0000000000000000
64739.576679115758 1.0000000000000000
745720.38399529015 1.0000000000000000
-1031151.7606068479 1.0000000000000000
1717500.0020392048 1.0000000000000000
-528835.31799598597 1.0000000000000000
949333.32924301864 1.0000000000000000
-10775.377921963678 1.0000000000000000
359086.40709853976 1.0000000000000000
-819924.85999018035 1.0000000000000000
-161105.70422651913 1.0000000000000000
154791.31650589613 1.0000000000000000
622621.00008057733 1.0000000000000000
-1064756.2774970147 1.0000000000000000
2426239.1325622993 1.0000000000000000
193876.04741570901 1.0000000000000000
-344654.45167153177 1.0000000000000000
1476611.5908012018 1.0000000000000000
-1640269.2838593093 1.0000000000000000
469970.21905660990 1.0000000000000000
168332.50538795508 1.0000000000000000
830639.79950674647 1.0000000000000000
173605.37480785875 1.0000000000000000
-373357.06252150628 1.0000000000000000
-1052722.9440207905 1.0000000000000000
-827758.86020073178 1.0000000000000000
-1085649.1335991472 1.0000000000000000
-2037885.4559622013 1.0000000000000000
1486258.3366384411 1.0000000000000000
-1048606.7966858484 1.0000000000000000
-1095139.6827988159 1.0000000000000000
609502.04986999999 1.0000000000000000
-377816.87465769326 1.0000000000000000
1199630.3230447862 1.0000000000000000
1615497.9819057880 1.0000000000000000
622258.11984437192 1.0000000000000000
2261608.7791165798 1.0000000000000000
408241.19610965106 1.0000000000000000
-2724099.1932693906 1.0000000000000000
-1016640.7162941596 1.0000000000000000
-130722.27012191960 1.0000000000000000
82089.858920394501 1.0000000000000000
-90229.668393111133 1.0000000000000000
-1071908.8730780324 1.0000000000000000
918927.40299794893 1.0000000000000000
-806351.31726924400 1.0000000000000000
306861.50076871086 1.0000000000000000
-605817.30879466864 1.0000000000000000
1390715.3281622049 1.0000000000000000
3165899.0981398481 1.0000000000000000
477247.68122921442 1.0000000000000000
710410.50267362129 1.0000000000000000
-414459.27934473706 1.0000000000000000
-155700.49130954017 1.0000000000000000
-415480.99272757408 1.0000000000000000
-1772949.7390548994 1.0000000000000000
852503.51928880904 1.0000000000000000
1139740.6639553020 1.0000000000000000
-410572.19028362824 1.0000000000000000
-497878.80038473831 1.0000000000000000
830170.39148474683 1.0000000000000000
1810394.1922114301 1.0000000000000000
234725.04477575619 1.0000000000000000
236066.76521940320 1.0000000000000000
-368814.95170751121 1.0000000000000000
-620887.90805674193 1.0000000000000000
-221577.23350881820 1.0000000000000000
128736.90532274128 1.0000000000000000
124448.62338791451 1.0000000000000000
-774815.35212622490 1.0000000000000000
-437520.02389092493 1.0000000000000000
-482236.57400934008 1.0000000000000000
-482304.10198984150 1.0000000000000000
-482218.90504555858 1.0000000000000000
-482209.19637267292 1.0000000000000000
-482182.36413995910 1.0000000000000000
-32694.975576851451 1.0000000000000000
-180385.81989719052 1.0000000000000000
-619195.47742318397 1.0000000000000000
272584.23854510189 1.0000000000000000
179168.68212946921 1.0000000000000000
179116.94514249932 1.0000000000000000
621279.85599574901 1.0000000000000000
114085.75655918855 1.0000000000000000
415925.53861367237 1.0000000000000000
387359.75247030781 1.0000000000000000
460902.79956658039 1.0000000000000000
263379.90017284977 1.0000000000000000
567155.93090164952 1.0000000000000000
228743.92568580891 1.0000000000000000
122.97738894195788 1.0000000000000000
329836.38539777324 1.0000000000000000
174271.72356837985 1.0000000000000000
926321.33520263107 1.0000000000000000
-68718.413395036012 1.0000000000000000
-25471.208402463766 1.0000000000000000
-324980.08107968757 1.0000000000000000
30442.683635219182 1.0000000000000000
831546.84239552205 1.0000000000000000
1368.6151239252654 1.0000000000000000
39178.671016400171 1.0000000000000000
-236059.37772752988 1.0000000000000000
470981.59127368790 1.0000000000000000
-342518.92916001694 1.0000000000000000
-417968.74742990459 1.0000000000000000
143154.87126380953 1.0000000000000000
62441.000308528259 1.0000000000000000
-293382.59931182803 1.0000000000000000
-293400.33679654991 1.0000000000000000
229029.28394968130 1.0000000000000000
119581.83668631371 1.0000000000000000
115183.77093034948 1.0000000000000000
161513.94240525743 1.0000000000000000
438232.38570441288 1.0000000000000000
126871.49485296906 1.0000000000000000
-52937.620298955313 1.0000000000000000
-13806.228641345362 1.0000000000000000
-383593.85584354290 1.0000000000000000
-162728.41310312049 1.0000000000000000
-381147.60856501845 1.0000000000000000
-123801.03954104720 1.0000000000000000
61700.840052480729 1.0000000000000000
52192.668208128496 1.0000000000000000
-1080.7500154156810 1.0000000000000000
-201857.36302321265 1.0000000000000000
-328403.84657386359 1.0000000000000000
-787100.54525366158 1.0000000000000000
35312.949710723609 1.0000000000000000
35318.920413300468 1.0000000000000000
-372473.72734273737 1.0000000000000000
763381.89238098124 1.0000000000000000
-628826.90063249646 1.0000000000000000
331395.71005595219 1.0000000000000000
331410.58264970838 1.0000000000000000
331497.99160349777 1.0000000000000000
-188924.47814263360 1.0000000000000000
-230371.47359310073 1.0000000000000000
-137202.92022545688 1.0000000000000000
1058358.6576422958 1.0000000000000000
914556.88686640805 1.0000000000000000
-127739.80532773517 1.0000000000000000
-557597.90318075928 1.0000000000000000
80002.280501591362 1.0000000000000000
-637759.82350099343 1.0000000000000000
-674947.23671419523 1.0000000000000000
861632.77621422976 1.0000000000000000
191379.76900362709 1.0000000000000000
350490.83372681832 1.0000000000000000
222690.27705568849 1.0000000000000000
-220314.70477528707 1.0000000000000000
-152814.26772739112 1.0000000000000000
116190.21710577825 1.0000000000000000
-44987.156229884633 1.0000000000000000
153630.03907538881 1.0000000000000000
-119606.61826990264 1.0000000000000000
-268602.61893977411 1.0000000000000000
104793.37004654804 1.0000000000000000
-146186.83474778500 1.0000000000000000
-170270.77580568989 1.0000000000000000
-109815.87227081647 1.0000000000000000
-328074.27128701640 1.0000000000000000
-293564.01108929608 1.0000000000000000
-17693.807196434307 1.0000000000000000
492220.03134011908 1.0000000000000000
-113718.97797576236 1.0000000000000000
-139566.78390341383 1.0000000000000000
-618300.55307743256 1.0000000000000000
-78461.587296559694 1.0000000000000000
-78430.382727914795 1.0000000000000000
-78404.416662848162 1.0000000000000000
-131961.57689782477 1.0000000000000000
-180256.32390378986 1.0000000000000000
-394182.92314056848 1.0000000000000000
330882.32132069441 1.0000000000000000
186787.58528576815 1.0000000000000000
214557.89613992351 1.0000000000000000
247442.32043330037 1.0000000000000000
247599.59349463871 1.0000000000000000
729231.64923986723 1.0000000000000000
439124.53390298871 1.0000000000000000
325579.66873819631 1.0000000000000000
234574.36892086928 1.0000000000000000
-41041.512896058768 1.0000000000000000
714505.22323062667 1.0000000000000000
172319.37271634580 1.0000000000000000
-84679.903763123206 1.0000000000000000
637973.99774840020 1.0000000000000000
637958.73607338720 1.0000000000000000
638099.60964148864 1.0000000000000000
196769.68364586422 1.0000000000000000
502567.79643759556 1.0000000000000000
502567.01517376240 1.0000000000000000
57509.097622774163 1.0000000000000000
-55803.399872408285 1.0000000000000000
-233674.66756874125 1.0000000000000000
-77157.439275003999 1.0000000000000000
-349791.52041102760 1.0000000000000000
-400406.12697653176 1.0000000000000000
263136.79600324936 1.0000000000000000
412067.93069367122 1.0000000000000000
752926.06196204771 1.0000000000000000
232516.18543134694 1.0000000000000000
192497.69810369771 1.0000000000000000
192465.79219419372 1.0000000000000000
-512267.66425776592 1.0000000000000000
-100338.16550672142 1.0000000000000000
-503087.99621938390 1.0000000000000000
-228400.31199343188 1.0000000000000000
-83126.556871735447 1.0000000000000000
-453992.88676421874 1.0000000000000000
-454071.52704500221 1.0000000000000000
-75778.924353012510 1.0000000000000000
40639.123235377541 1.0000000000000000
-424848.05651611660 1.0000000000000000
-391650.74220690015 1.0000000000000000
236415.67868823255 1.0000000000000000
69784.537433583391 1.0000000000000000
173585.44992506699 1.0000000000000000
-197170.04870358674 1.0000000000000000
-197135.47624343241 1.0000000000000000
-511139.12605516345 1.0000000000000000
185450.49105417589 1.0000000000000000
-589803.53805707523 1.0000000000000000
-246362.12637093291 1.0000000000000000
293914.13695303572 1.0000000000000000
70634.688985132336 1.0000000000000000
475213.15271073347 1.0000000000000000
-287820.75948968151 1.0000000000000000
-243639.61667087793 1.0000000000000000
-602629.15614464541 1.0000000000000000
6696.1381033795487 1.0000000000000000
164230.27208206593 1.0000000000000000
648170.58224434685 1.0000000000000000
587461.47847242572 1.0000000000000000
365720.63090291724 1.0000000000000000
174138.88180525048 1.0000000000000000
174182.92057746794 1.0000000000000000
157904.25333661816 1.0000000000000000
76725.009787316521 1.0000000000000000
656467.95040623145 1.0000000000000000
529183.80360568548 1.0000000000000000
134117.70914368017 1.0000000000000000
221787.26141825406 1.0000000000000000
-235966.20988434250 1.0000000000000000
505145.13561383099 1.0000000000000000
420895.92374887789 1.0000000000000000
-68808.876717858046 1.0000000000000000
193547.59779752401 1.0000000000000000
-187602.69347055900 1.0000000000000000
-25060.035575295140 1.0000000000000000
-118901.64421988947 1.0000000000000000
-118867.03936630019 1.0000000000000000
-213970.55767860406 1.0000000000000000
-162197.85175015766 1.0000000000000000
624042.49877663469 1.0000000000000000
316374.12584426039 1.0000000000000000
110750.96110174590 1.0000000000000000
184659.85904695827 1.0000000000000000
190328.11101560900 1.0000000000000000
288425.72355982999 1.0000000000000000
368896.33959960938 1.0000000000000000
241909.70596904031 1.0000000000000000
458149.53638159187 1.0000000000000000
96134.107052508232 1.0000000000000000
-688011.82864824508 1.0000000000000000
312215.69984752464 1.0000000000000000
-482319.01371148234 1.0000000000000000
-618661.19259497034 1.0000000000000000
502559.85918338277 1.0000000000000000
-447022.78323779203 1.0000000000000000
-501582.47336071386 1.0000000000000000
144485.33457273454 1.0000000000000000
-1163875.6837914067 1.0000000000000000
-100738.04688152141 1.0000000000000000
-6042.3115949962421 1.0000000000000000
-144848.74711460670 1.0000000000000000
-788099.92299885885 1.0000000000000000
-830250.13338071771 1.0000000000000000
685064.77463406662 1.0000000000000000
-284322.09683618246 1.0000000000000000
-754472.84298978595 1.0000000000000000
-512360.47552567901 1.0000000000000000
-453722.28488070640 1.0000000000000000
436095.85596508044 1.0000000000000000
518478.90734538168 1.0000000000000000
-508728.18918697839 1.0000000000000000
182096.47623643285 1.0000000000000000
-385323.42660664243 1.0000000000000000
-340452.52729134768 1.0000000000000000
-214766.09294625180 1.0000000000000000
164960.68101098243 1.0000000000000000
-253286.57656148906 1.0000000000000000
133354.71852597196 1.0000000000000000
302353.86113590631 1.0000000000000000
-1345811.7223563695 1.0000000000000000
-1345666.8657721349 1.0000000000000000
-934598.94046169647 1.0000000000000000
105218.84468267427 1.0000000000000000
-17539.585266995968 1.0000000000000000
457569.26993045385 1.0000000000000000
159991.54174600798 1.0000000000000000
-1005054.6406219028 1.0000000000000000
-953364.93730897165 1.0000000000000000
-307082.77807024989 1.0000000000000000
84670.447486050398 1.0000000000000000
-1460106.6433481195 1.0000000000000000
309808.65157127951 1.0000000000000000
-23597.961452228930 1.0000000000000000
-757188.09487447527 1.0000000000000000
-1059975.0269879389 1.0000000000000000
-971484.14456179587 1.0000000000000000
-372474.00489960791 1.0000000000000000
-338170.49365741399 1.0000000000000000
-68193.012667844436 1.0000000000000000
-406765.11399120541 1.0000000000000000
600531.95549167728 1.0000000000000000
363658.32834188349 1.0000000000000000
-198644.48788084427 1.0000000000000000
-81430.148391778901 1.0000000000000000
275036.74800872192 1.0000000000000000
275864.22016971814 1.0000000000000000
83000.846968677841 1.0000000000000000
117467.04808772380 1.0000000000000000
414842.10339218995 1.0000000000000000
664196.79775102367 1.0000000000000000
609290.06877866155 1.0000000000000000
264075.19116898347 1.0000000000000000
-173557.57859211508 1.0000000000000000
-509321.03355049819 1.0000000000000000
-659750.95719171886 1.0000000000000000
-647251.65232621774 1.0000000000000000
-542304.24067486636 1.0000000000000000
-411442.36637494015 1.0000000000000000
-294062.48322731472 1.0000000000000000
-202951.96766845757 1.0000000000000000
-134543.00100446749 1.0000000000000000
-79825.025491299733 1.0000000000000000
-31023.421125923298 1.0000000000000000
15793.569119026148 1.0000000000000000
60940.159775595421 1.0000000000000000
102631.29855007725 1.0000000000000000
138628.25592868580 1.0000000000000000
167395.17234388221 1.0000000000000000
188564.21807946768 1.0000000000000000
202836.50082632387 1.0000000000000000
211582.34120692310 1.0000000000000000
216389.05621531527 1.0000000000000000
218700.50333606292 1.0000000000000000
219631.10591882918 1.0000000000000000
219916.99917594669 1.0000000000000000
219970.57602019495 1.0000000000000000
-12384.829818771903 1.0000000000000000
-459.66815272694811 1.0000000000000000
19525.000496094515 1.0000000000000000
-120758.56008258493 1.0000000000000000
333761.36507767678 1.0000000000000000
-498119.12802540301 1.0000000000000000
438117.13583569595 1.0000000000000000
-591407.09507249901 1.0000000000000000
994017.83351761510 1.0000000000000000
-565652.83615546348 1.0000000000000000
-760310.26716613409 1.0000000000000000
21073.731772349209 1.0000000000000000
-127243.97046460320 1.0000000000000000
-440668.29233328660 1.0000000000000000
-155381.56712468536 1.0000000000000000
256881.10222437131 1.0000000000000000
268094.64070913300 1.0000000000000000
-10604.375981942972 1.0000000000000000
-211425.65459226875 1.0000000000000000
-188417.48470984012 1.0000000000000000
-58852.776979065944 1.0000000000000000
9248.2527570170259 1.0000000000000000
-45612.780509003220 1.0000000000000000
-171161.23526881513 1.0000000000000000
-278119.42976113432 1.0000000000000000
-306527.55261776294 1.0000000000000000
-247791.85019583235 1.0000000000000000
-131153.74642187363 1.0000000000000000
2036.5751149350458 1.0000000000000000
118031.91399960562 1.0000000000000000
199389.80472446044 1.0000000000000000
244124.27855680321 1.0000000000000000
260003.09806351794 1.0000000000000000
258186.89950055722 1.0000000000000000
248653.38974614631 1.0000000000000000
238082.48944040312 1.0000000000000000
229741.48936402716 1.0000000000000000
221616.29542427760 1.0000000000000000
220413.67094384358 1.0000000000000000
220028.27677332188 1.0000000000000000
219958.81668702286 1.0000000000000000
219965.54775169940 1.0000000000000000
219972.41982580625 1.0000000000000000
219972.88514048385 1.0000000000000000
-269753.41197816317 1.0000000000000000
120674.78312563671 1.0000000000000000
673616.31815184234 1.0000000000000000
276715.93716126285 1.0000000000000000
132500.96116640605 1.0000000000000000
1860715.1810311431 1.0000000000000000
-50658.825324561447 1.0000000000000000
620663.27567221725 1.0000000000000000
316349.26454442722 1.0000000000000000
-60804.656559494259 1.0000000000000000
-940272.77505547612 1.0000000000000000
545517.26986454707 1.0000000000000000
199093.40429107533 1.0000000000000000
313195.01832567086 1.0000000000000000
461005.49740010267 1.0000000000000000
66821.848410543840 1.0000000000000000
-481897.37067714753 1.0000000000000000
-9469.5580765556879 1.0000000000000000
-108582.02683822271 1.0000000000000000
26892.439631724796 1.0000000000000000
24457.635781660720 1.0000000000000000
81821.767344369175 1.0000000000000000
-10946.335551473372 1.0000000000000000
-13220.300746894378 1.0000000000000000
32807.150741798781 1.0000000000000000
21295.797735479235 1.0000000000000000
-1509579.1374323396 1.0000000000000000
460050.70121600816 1.0000000000000000
-40365.862197672264 1.0000000000000000
-407323.63078214088 1.0000000000000000
244352.57287986460 1.0000000000000000
-491429.67330112704 1.0000000000000000
-264999.47986984719 1.0000000000000000
12744.419723162202 1.0000000000000000
-748485.27583646495 1.0000000000000000
-8619.6593086232933 1.0000000000000000
23484.127136116818 1.0000000000000000
87061.399083132754 1.0000000000000000
-23351.848229183597 1.0000000000000000
7272.4108043408778 1.0000000000000000
50513.835252835299 1.0000000000000000
7384.1875030508545 1.0000000000000000
16877.443144109802 1.0000000000000000
-5878.4880331676723 1.0000000000000000
-1028.7108715786044 1.0000000000000000
-956382.75221184758 1.0000000000000000
32764.734552630434 1.0000000000000000
7846.1111468405943 1.0000000000000000
21532.030487085969 1.0000000000000000
156729.67864028158 1.0000000000000000
-5189.7273272846351 1.0000000000000000
12026.101417346557 1.0000000000000000
-2735.7213781595910 1.0000000000000000
15856.222850338576 1.0000000000000000
2218.9759690307087 1.0000000000000000
13162.323132122016 1.0000000000000000
-29278.169314367391 1.0000000000000000
629839.97683061380 1.0000000000000000
173762.96786312608 1.0000000000000000
4349.3152861163144 1.0000000000000000
122870.17455139966 1.0000000000000000
-28175.709695645361 1.0000000000000000
16739.946536048228 1.0000000000000000
-1472.8420957907999 1.0000000000000000
-253945.33041229643 1.0000000000000000
-1414747.1045097935 1.0000000000000000
-14302.781588616799 1.0000000000000000
-23707.027910361663 1.0000000000000000
-9916.3436108396545 1.0000000000000000
110719.50763178201 1.0000000000000000
11553.114201602968 1.0000000000000000
-732520.04100846278 1.0000000000000000
-303278.70692112914 1.0000000000000000
-28222.355598002760 1.0000000000000000
61456.926188332887 1.0000000000000000
111807.97587681322 1.0000000000000000
20731.084033836658 1.0000000000000000
-470703.56174768403 1.0000000000000000
25615.240538390412 1.0000000000000000
92110.520696148538 1.0000000000000000
-72051.487855377025 1.0000000000000000
-1551.0103689200500 1.0000000000000000
28964.179757674119 1.0000000000000000
-39305.842203857093 1.0000000000000000
13885.549331018099 1.0000000000000000
55807.694393474521 1.0000000000000000
-38179.785357256798 1.0000000000000000
4504.4031295339219 1.0000000000000000
30602.624008125855 1.0000000000000000
-33973.402676056226 1.0000000000000000
94554.988284480365 1.0000000000000000
-7814.9988641344662 1.0000000000000000
-50729.405790494369 1.0000000000000000
-18349.674710408581 1.0000000000000000
9664.9070627198998 1.0000000000000000
3581.3588493978259 1.0000000000000000
-59225.702054255751 1.0000000000000000
-21933.579465242165 1.0000000000000000
-16482.050791070746 1.0000000000000000
-12464.213089853982 1.0000000000000000
-298531.53211065975 1.0000000000000000
20720.482658577352 1.0000000000000000
23305.457997395599 1.0000000000000000
7478.5958441286084 1.0000000000000000
17313.747322657851 1.0000000000000000
2780.8921121167914 1.0000000000000000
54234.003943604883 1.0000000000000000
7128.0405270949113 1.0000000000000000
21286.556042289107 1.0000000000000000
42602.189634155256 1.0000000000000000
11308.706838404465 1.0000000000000000
66444.071511829199 1.0000000000000000
12051.569869482200 1.0000000000000000
14119.711628108338 1.0000000000000000
-763.03231720038377 1.0000000000000000
-2504.4599406591733 1.0000000000000000
-115537.07504221972 1.0000000000000000
20991.270556018488 1.0000000000000000
79749.492502435562 1.0000000000000000
-9922.9039673011466 1.0000000000000000
-17070.291303800932 1.0000000000000000
8261.0217013567017 1.0000000000000000
15241.334184159014 1.0000000000000000
17345.855517751243 1.0000000000000000
34062.686546644531 1.0000000000000000
-67329.630100589638 1.0000000000000000
-26351.528304891774 1.0000000000000000
24477.494581181945 1.0000000000000000
-14439.761956622764 1.0000000000000000
135526.05931722326 1.0000000000000000
224.58947797236783 1.0000000000000000
-89540.404519620148 1.0000000000000000
-15236.003813768075 1.0000000000000000
-2805.0648341264846 1.0000000000000000
-14851.349818325332 1.0000000000000000
-25247.898085378129 1.0000000000000000
100432.17923049479 1.0000000000000000
9737.7798496028827 1.0000000000000000
-53766.023484816047 1.0000000000000000
-94064.897636256748 1.0000000000000000
7062.8637720760862 1.0000000000000000
-2570.3052308983015 1.0000000000000000
-475192.78639062709 1.0000000000000000
-76163.878800268954 1.0000000000000000
-39038.765577913713 1.0000000000000000
480255.30079649255 1.0000000000000000
184202.34460718234 1.0000000000000000
-172087.34548337004 1.0000000000000000
-34152.700159996406 1.0000000000000000
166031.10534336662 1.0000000000000000
-16970.125305382411 1.0000000000000000
-11696.742339074171 1.0000000000000000
27274.727498293360 1.0000000000000000
-14408.741781086850 1.0000000000000000
8259.2546115771929 1.0000000000000000
12602.747962735781 1.0000000000000000
49859.066311748080 1.0000000000000000
-24399.320370404224 1.0000000000000000
1664.6261336539462 1.0000000000000000
-3882.2735009864004 1.0000000000000000
-11381.016500003008 1.0000000000000000
-5086.7840241315644 1.0000000000000000
-90710.129093127311 1.0000000000000000
-7049.6209144391441 1.0000000000000000
-11086.984229751044 1.0000000000000000
-122125.25188860491 1.0000000000000000
20740.786994433285 1.0000000000000000
19156.184576901604 1.0000000000000000
28372.325094364343 1.0000000000000000
-20075.029701063733 1.0000000000000000
45111.884808692186 1.0000000000000000
-22976.962112213325 1.0000000000000000
16522.874813956434 1.0000000000000000
-43609.705451162794 1.0000000000000000
-65628.436440689286 1.0000000000000000
-6666.8522896855211 1.0000000000000000
20414.237032087069 1.0000000000000000
-23614.082638886110 1.0000000000000000
11197.103003667169 1.0000000000000000
-14212.633562961541 1.0000000000000000
5105.7402438026693 1.0000000000000000
3913.3544551855921 1.0000000000000000
576589.53461724182 1.0000000000000000
391.53642651420455 1.0000000000000000
18188.135215011374 1.0000000000000000
20793.384830144281 1.0000000000000000
-181947.10361795727 1.0000000000000000
12330.524786319083 1.0000000000000000
123045.40992919948 1.0000000000000000
-14814.955081430960 1.0000000000000000
-20761.211939811139 1.0000000000000000
860.08643094690217 1.0000000000000000
-12406.706053666951 1.0000000000000000
3076.0554879866672 1.0000000000000000
-18121.320740384250 1.0000000000000000
591245.95030785212 1.0000000000000000
-36672.751728456060 1.0000000000000000
-20437.861130149991 1.0000000000000000
-9871.4132828682032 1.0000000000000000
-3954.7197715379161 1.0000000000000000
-38446.595284305193 1.0000000000000000
12037.132410382741 1.0000000000000000
-50363.761522048466 1.0000000000000000
-151677.23065443305 1.0000000000000000
-20322.996806684103 1.0000000000000000
212377.83805960394 1.0000000000000000
16693.558366640009 1.0000000000000000
-32216.362749038795 1.0000000000000000
60475.070630012749 1.0000000000000000
-6755.5545448054954 1.0000000000000000
-6162.1981826522142 1.0000000000000000
-49523.602385582635 1.0000000000000000
-4780.5046936686622 1.0000000000000000
-11751.164165611774 1.0000000000000000
14319.245430447101 1.0000000000000000
19199.628511415231 1.0000000000000000
-2886.2883303999820 1.0000000000000000
7566.0200694489859 1.0000000000000000
68485.219958239220 1.0000000000000000
31664.901002240003 1.0000000000000000
-4081.7769309938012 1.0000000000000000
-210077.55445949562 1.0000000000000000
2616.1396840651823 1.0000000000000000
-12141.731192173092 1.0000000000000000
3731.3558486248066 1.0000000000000000
-43201.335399893018 1.0000000000000000
117897.21763761929 1.0000000000000000
-92294.587729516104 1.0000000000000000
574198.24805448006 1.0000000000000000
16161.622998278679 1.0000000000000000
-759152.30154577596 1.0000000000000000
870244.98845363874 1.0000000000000000
698787.36927825655 1.0000000000000000
-487518.00650960219 1.0000000000000000
59290.454979994232 1.0000000000000000
-524123.13540824328 1.0000000000000000
1716058.0514543697 1.0000000000000000
-65648.132633037443 1.0000000000000000
26649.573071660314 1.0000000000000000
1952829.8834831747 1.0000000000000000
-134741.62766659007 1.0000000000000000
746099.10370850412 1.0000000000000000
-73339.049459317685 1.0000000000000000
1271815.7299993243 1.0000000000000000
-807606.27736502374 1.0000000000000000
1504830.7896917760 1.0000000000000000
1556577.5030783517 1.0000000000000000
-954257.23061464680 1.0000000000000000
-13511.451281371836 1.0000000000000000
363665.19235759805 1.0000000000000000
720880.90608362132 1.0000000000000000
948875.79843800841 1.0000000000000000
-979309.93573342182 1.0000000000000000
-583536.34894832328 1.0000000000000000
495722.56011403637 1.0000000000000000
-1950676.8204754842 1.0000000000000000
832168.85534763581 1.0000000000000000
-141277.78095193231 1.0000000000000000
-132018.67115962561 1.0000000000000000
521954.82077598426 1.0000000000000000
228026.86273750421 1.0000000000000000
-281448.45161424566 1.0000000000000000
-537398.58441517688 1.0000000000000000
154088.07251520490 1.0000000000000000
-1174722.2619278301 1.0000000000000000
141525.75236534988 1.0000000000000000
-165251.26954884161 1.0000000000000000
-118147.76794736710 1.0000000000000000
-1276937.1320245396 1.0000000000000000
551852.29559392971 1.0000000000000000
69691.046141033337 1.0000000000000000
342224.80804294907 1.0000000000000000
38673.898489317318 1.0000000000000000
-392141.57346609788 1.0000000000000000
189278.90071481222 1.0000000000000000
-54787.883898570944 1.0000000000000000
-43990.823815174736 1.0000000000000000
-743141.68915401609 1.0000000000000000
83709.990016275842 1.0000000000000000
135989.99109041734 1.0000000000000000
12160.617358162093 1.0000000000000000
96600.276142957460 1.0000000000000000
-46243.649531379022 1.0000000000000000
438756.65349928837 1.0000000000000000
186926.12910675688 1.0000000000000000
344725.16181292676 1.0000000000000000
217075.96149983196 1.0000000000000000
247966.87036972935 1.0000000000000000
-316297.98881146172 1.0000000000000000
-151567.39149552493 1.0000000000000000
330322.99827764643 1.0000000000000000
-149601.54105162428 1.0000000000000000
277724.30932831171 1.0000000000000000
816763.33523607720 1.0000000000000000
-229189.34870955278 1.0000000000000000
159134.19792487897 1.0000000000000000
40452.940144396140 1.0000000000000000
209544.56947435418 1.0000000000000000
157199.81279120635 1.0000000000000000
217449.74357461146 1.0000000000000000
10342.543441516200 1.0000000000000000
-212918.75309715344 1.0000000000000000
-22585.033587906666 1.0000000000000000
376153.20920088532 1.0000000000000000
-503225.77274991781 1.0000000000000000
-197522.60079290767 1.0000000000000000
56564.435726725140 1.0000000000000000
123181.64715338824 1.0000000000000000
-961668.18622256140 1.0000000000000000
-202241.22131950062 1.0000000000000000
441428.40548966161 1.0000000000000000
-809672.52360254666 1.0000000000000000
64038.484793200048 1.0000000000000000
-85129.946117842119 1.0000000000000000
-66728.723457882807 1.0000000000000000
-14601.854508516684 1.0000000000000000
-49786.054356379078 1.0000000000000000
479629.97897400893 1.0000000000000000
-30572.168116523655 1.0000000000000000
268330.47621534526 1.0000000000000000
399847.00573715434 1.0000000000000000
270915.36452018016 1.0000000000000000
-271781.75158899109 1.0000000000000000
413961.56172223820 1.0000000000000000
87227.603895772787 1.0000000000000000
59791.090383619769 1.0000000000000000
141856.21695203905 1.0000000000000000
245008.25868193709 1.0000000000000000
-291863.19516795781 1.0000000000000000
-494275.71480747679 1.0000000000000000
-145864.44502472805 1.0000000000000000
-367898.06941772724 1.0000000000000000
525096.38633144519 1.0000000000000000
-5105.9594273667044 1.0000000000000000
-438260.82324573398 1.0000000000000000
-97314.163348290138 1.0000000000000000
-220713.14261824777 1.0000000000000000
-1080409.2382738809 1.0000000000000000
253395.72580471775 1.0000000000000000
890866.22640530195 1.0000000000000000
-807302.30131349096 1.0000000000000000
-119094.17501200519 1.0000000000000000
1701620.4017448551 1.0000000000000000
606658.56584372837 1.0000000000000000
-189213.26104097493 1.0000000000000000
347964.72371882369 1.0000000000000000
195921.07437547320 1.0000000000000000
100616.77018873532 1.0000000000000000
-286128.53464769694 1.0000000000000000
-31271.402491767050 1.0000000000000000
147038.13996630098 1.0000000000000000
-535291.73629578610 1.0000000000000000
20268.556195879897 1.0000000000000000
-131627.02264415295 1.0000000000000000
-164088.39476498932 1.0000000000000000
-65720.721387182464 1.0000000000000000
-121245.18074634582 1.0000000000000000
-117401.70439048382 1.0000000000000000
-56910.205870504782 1.0000000000000000
-226935.79505051571 1.0000000000000000
65798.337222655769 1.0000000000000000
6885.7620846815425 1.0000000000000000
32237.544799749576 1.0000000000000000
9838.9594929719424 1.0000000000000000
260443.85065712649 1.0000000000000000
235250.38135094676 1.0000000000000000
-220305.75159775023 1.0000000000000000
339337.00745081389 1.0000000000000000
150061.74328649946 1.0000000000000000
4317.8949785528612 1.0000000000000000
-328058.86678519589 1.0000000000000000
57206.034796544991 1.0000000000000000
318827.34020238178 1.0000000000000000
-79291.500424308848 1.0000000000000000
168221.73689391388 1.0000000000000000
470952.37300670677 1.0000000000000000
-63146.513941086778 1.0000000000000000
-214956.06970586485 1.0000000000000000
-118613.83771059614 1.0000000000000000
34592.699376686855 1.0000000000000000
-590765.61649832386 1.0000000000000000
65959.726751502851 1.0000000000000000
43551.726815630660 1.0000000000000000
56095.525510955020 1.0000000000000000
-424462.12848303153 1.0000000000000000
196625.91701969402 1.0000000000000000
520106.07310146006 1.0000000000000000
129839.28972569259 1.0000000000000000
1766949.6129950557 1.0000000000000000
-33559.396234668697 1.0000000000000000
686815.02351284830 1.0000000000000000
154513.58159608158 1.0000000000000000
-362385.50367256958 1.0000000000000000
-23170.858626123529 1.0000000000000000
1246899.2658197058 1.0000000000000000
2231544.4101016521 1.0000000000000000
656977.67716268776 1.0000000000000000
1001592.9593746618 1.0000000000000000
777541.02657925372 1.0000000000000000
-1177613.2921636838 1.0000000000000000
61248.525123835461 1.0000000000000000
635953.44430401246 1.0000000000000000
346748.57284473116 1.0000000000000000
972597.60243353643 1.0000000000000000
-238613.58405187854 1.0000000000000000
-190912.33294517247 1.0000000000000000
42821.129775948364 1.0000000000000000
1481219.4021068853 1.0000000000000000
1944400.4859284728 1.0000000000000000
320585.94982255332 1.0000000000000000
-585171.05868326663 1.0000000000000000
-586314.18684265879 1.0000000000000000
-440378.66739375627 1.0000000000000000
-101885.74375599931 1.0000000000000000
1262179.7679185348 1.0000000000000000
-8756.8022869393299 1.0000000000000000
355849.41499175935 1.0000000000000000
-1006911.2042606800 1.0000000000000000
540196.01601294801 1.0000000000000000
-1466609.5593623172 1.0000000000000000
-126166.45188368519 1.0000000000000000
279360.01318070147 1.0000000000000000
-198749.59339446522 1.0000000000000000
-413244.14134315442 1.0000000000000000
-959231.72344281571 1.0000000000000000
-23348.678152470970 1.0000000000000000
-177560.65742352587 1.0000000000000000
8883.8090637258501 1.0000000000000000
-520833.08018963295 1.0000000000000000
541640.63435821049 1.0000000000000000
289511.43825114873 1.0000000000000000
251649.17125430357 1.0000000000000000
-113238.76936406973 1.0000000000000000
-51868.761676230068 1.0000000000000000
-613877.72451542784 1.0000000000000000
-539727.40855659568 1.0000000000000000
453689.14032005245 1.0000000000000000
-116025.99282410901 1.0000000000000000
-577397.50543177209 1.0000000000000000
601404.45552301570 1.0000000000000000
-778851.75876875757 1.0000000000000000
168578.72437813561 1.0000000000000000
224939.16580248770 1.0000000000000000
-132065.31596616734 1.0000000000000000
-257893.42525263529 1.0000000000000000
113984.02735637475 1.0000000000000000
410626.03460306523 1.0000000000000000
776587.27528754470 1.0000000000000000
337885.27168196760 1.0000000000000000
66862.392193011357 1.0000000000000000
-103109.73169103355 1.0000000000000000
-842016.79802480689 1.0000000000000000
-2239092.6219453742 1.0000000000000000
390051.65344901278 1.0000000000000000
-504490.74627940770 1.0000000000000000
263461.04655390338 1.0000000000000000
383345.98700950539 1.0000000000000000
-79412.188670884207 1.0000000000000000
-139536.51873417318 1.0000000000000000
-618859.01071062230 1.0000000000000000
599687.24349803349 1.0000000000000000
-497331.14991974336 1.0000000000000000
-273731.64057908300 1.0000000000000000
28221.321666575535 1.0000000000000000
234605.70791439456 1.0000000000000000
385347.05617712939 1.0000000000000000
-126109.90574527101 1.0000000000000000
-703571.91145155870 1.0000000000000000
-471719.03119353595 1.0000000000000000
190074.54328539921 1.0000000000000000
374323.77815793164 1.0000000000000000
-1188607.1181695410 1.0000000000000000
-501592.87456328527 1.0000000000000000
-93489.233454954941 1.0000000000000000
858413.29905730067 1.0000000000000000
415778.74490963790 1.0000000000000000
5784.1150356610551 1.0000000000000000
-622123.64564649283 1.0000000000000000
-1145443.2281035003 1.0000000000000000
278935.69523052848 1.0000000000000000
969362.15601010027 1.0000000000000000
-1132615.0366077363 1.0000000000000000
345739.13048876129 1.0000000000000000
-439048.99686818832 1.0000000000000000
-811313.35808168491 1.0000000000000000
858334.10451718839 1.0000000000000000
1336185.4776003915 1.0000000000000000
321914.62940513797 1.0000000000000000
-405751.26347042731 1.0000000000000000
930977.35179086600 1.0000000000000000
1112916.5408774896 1.0000000000000000
22135.809877138367 1.0000000000000000
37660.477170621925 1.0000000000000000
264165.98353252665 1.0000000000000000
-60801.363981078124 1.0000000000000000
-78047.686959319239 1.0000000000000000
-344859.43507134047 1.0000000000000000
-33989.641446218593 1.0000000000000000
499975.43442079111 1.0000000000000000
452250.60085043660 1.0000000000000000
1445629.9769443250 1.0000000000000000
-346871.41829724470 1.0000000000000000
55963.646397396173 1.0000000000000000
113335.27089825513 1.0000000000000000
801182.97780158673 1.0000000000000000
661655.98874238867 1.0000000000000000
63905.750122833073 1.0000000000000000
-190395.97020683583 1.0000000000000000
-61988.766037250483 1.0000000000000000
335312.81712287862 1.0000000000000000
459114.11595743930 1.0000000000000000
645239.57238569332 1.0000000000000000
112088.49622950102 1.0000000000000000
273763.76492337079 1.0000000000000000
-356593.83876704011 1.0000000000000000
-242401.50629890358 1.0000000000000000
822858.22119644948 1.0000000000000000
878010.65363312769 1.0000000000000000
-1781937.4779032154 1.0000000000000000
1188296.5140311217 1.0000000000000000
129132.33706969381 1.0000000000000000
213537.53935092874 1.0000000000000000
302204.49639269273 1.0000000000000000
140325.49754053899 1.0000000000000000
313666.57896406192 1.0000000000000000
166435.83749786468 1.0000000000000000
381758.77809780935 1.0000000000000000
-625793.59788957238 1.0000000000000000
158593.88575268909 1.0000000000000000
55406.115293679322 1.0000000000000000
884109.83567321475 1.0000000000000000
-51099.663260025111 1.0000000000000000
157359.94515651127 1.0000000000000000
91435.580277176137 1.0000000000000000
354097.74949691287 1.0000000000000000
-49955.134681223215 1.0000000000000000
198156.82556949070 1.0000000000000000
473957.97953109356 1.0000000000000000
534495.98087293934 1.0000000000000000
496561.78094479349 1.0000000000000000
-116550.76476088239 1.0000000000000000
370068.70909377374 1.0000000000000000
188214.01472204807 1.0000000000000000
-741102.57144239731 1.0000000000000000
577589.03502284631 1.0000000000000000
634628.88988588587 1.0000000000000000
175116.84521179649 1.0000000000000000
-679601.38215146097 1.0000000000000000
-655195.38292193611 1.0000000000000000
-204579.15021399150 1.0000000000000000
267520.78308423603 1.0000000000000000
1648640.2965822429 1.0000000000000000
603363.35930946993 1.0000000000000000
-166008.24017025789 1.0000000000000000
55074.899063723533 1.0000000000000000
54145.111777984755 1.0000000000000000
-362895.79994059075 1.0000000000000000
-337680.37537699722 1.0000000000000000
336120.96789793053 1.0000000000000000
-341985.45100235031 1.0000000000000000
537230.22982862650 1.0000000000000000
1030808.6577805089 1.0000000000000000
871854.89408457582 1.0000000000000000
582335.08375359292 1.0000000000000000
-461955.95565773331 1.0000000000000000
-185888.52659916162 1.0000000000000000
-253394.97936274682 1.0000000000000000
348817.16186655691 1.0000000000000000
-986796.05399750266 1.0000000000000000
-1458808.7459093980 1.0000000000000000
704768.25304886478 1.0000000000000000
1180461.2634042078 1.0000000000000000
116592.09259425991 1.0000000000000000
-594649.60012073931 1.0000000000000000
709293.87756546598 1.0000000000000000
-50982.589512474908 1.0000000000000000
727941.39896905038 1.0000000000000000
-193783.04917412676 1.0000000000000000
1630782.9994946846 1.0000000000000000
-371065.69039945881 1.0000000000000000
-397387.05648514698 1.0000000000000000
462759.33094273339 1.0000000000000000
381738.89705959940 1.0000000000000000
457470.43905384355 1.0000000000000000
-169564.50848960699 1.0000000000000000
302427.39904602512 1.0000000000000000
-269426.77184731950 1.0000000000000000
-800684.42736237345 1.0000000000000000
183968.72573280157 1.0000000000000000
-185321.15309850121 1.0000000000000000
302078.80799026543 1.0000000000000000
-1111109.7306312227 1.0000000000000000
176035.96586255540 1.0000000000000000
51217.984092550047 1.0000000000000000
274843.26022652647 1.0000000000000000
296542.93848082772 1.0000000000000000
-506040.67197724903 1.0000000000000000
-9725.5802634889533 1.0000000000000000
-118193.10099658987 1.0000000000000000
-605382.33602456341 1.0000000000000000
-104667.20342885263 1.0000000000000000
-462268.17142805614 1.0000000000000000
-641609.52984049753 1.0000000000000000
122656.84252643824 1.0000000000000000
-431923.64348703588 1.0000000000000000
359299.59377792018 1.0000000000000000
286935.84780271503 1.0000000000000000
-253507.20711183862 1.0000000000000000
-429002.17337503226 1.0000000000000000
-74152.523975231044 1.0000000000000000
-9256.7763828316347 1.0000000000000000
602210.89565856347 1.0000000000000000
-515455.24470310920 1.0000000000000000
117787.01796941673 1.0000000000000000
617066.27255006332 1.0000000000000000
831276.21508628561 1.0000000000000000
-497961.30850469734 1.0000000000000000
-265937.27624021383 1.0000000000000000
823152.93204202829 1.0000000000000000
-661326.28922972060 1.0000000000000000
123328.94006969931 1.0000000000000000
6125.8712055595797 1.0000000000000000
67516.294221683798 1.0000000000000000
469053.74428280606 1.0000000000000000
461376.21982136264 1.0000000000000000
573416.05057522899 1.0000000000000000
161797.44455801716 1.0000000000000000
1056053.6363621028 1.0000000000000000
99855.990042662554 1.0000000000000000
-250593.70184438952 1.0000000000000000
369640.67958877224 1.0000000000000000
-447042.94143544347 1.0000000000000000
-2001160.5457811328 1.0000000000000000
-507267.11935257912 1.0000000000000000
-1161555.6322742915 1.0000000000000000
832641.34647701425 1.0000000000000000
706940.41054490337 1.0000000000000000
599154.51932833146 1.0000000000000000
-266947.55161053670 1.0000000000000000
66762.092288636428 1.0000000000000000
-356143.01555269904 1.0000000000000000
118563.11052878050 1.0000000000000000
-205240.98666089919 1.0000000000000000
-399092.49377940962 1.0000000000000000
8669.7621358638717 1.0000000000000000
174751.02246452437 1.0000000000000000
-770197.55865260703 1.0000000000000000
-20428.809122588769 1.0000000000000000
27945.672769700992 1.0000000000000000
27139.156862619573 1.0000000000000000
515147.43007454282 1.0000000000000000
209020.53796078081 1.0000000000000000
-230544.63663719670 1.0000000000000000
275684.50867072167 1.0000000000000000
57908.114951205243 1.0000000000000000
258797.48412095715 1.0000000000000000
-213639.00253864125 1.0000000000000000
95408.024101105271 1.0000000000000000
670669.78927897150 1.0000000000000000
-105541.44563220064 1.0000000000000000
226993.22253377363 1.0000000000000000
90972.371470170794 1.0000000000000000
200036.47698458523 1.0000000000000000
128760.37487658457 1.0000000000000000
-341082.77998103376 1.0000000000000000
68198.754101659084 1.0000000000000000
95379.477701186406 1.0000000000000000
175352.19385602625 1.0000000000000000
-137787.96442106264 1.0000000000000000
-93332.422301001701 1.0000000000000000
13042.617332544296 1.0000000000000000
-152724.39072755084 1.0000000000000000
41024.755757796069 1.0000000000000000
713932.15059300477 1.0000000000000000
-35106.143808531771 1.0000000000000000
264056.54697131837 1.0000000000000000
-335456.55475459795 1.0000000000000000
2212486.2760679303 1.0000000000000000
-300049.94500640017 1.0000000000000000
514701.22861812200 1.0000000000000000
-238340.76762253931 1.0000000000000000
59643.744239485466 1.0000000000000000
53422.495951767050 1.0000000000000000
-130765.74833617445 1.0000000000000000
-102306.44974242334 1.0000000000000000
275650.04442250659 1.0000000000000000
-175067.65066687021 1.0000000000000000
-355468.98968019051 1.0000000000000000
990934.78372933099 1.0000000000000000
48833.371009812050 1.0000000000000000
-884048.99478165573 1.0000000000000000
183913.35945496961 1.0000000000000000
30301.076557850058 1.0000000000000000
376990.53682165418 1.0000000000000000
-56290.182134020157 1.0000000000000000
225884.31623130947 1.0000000000000000
161487.67699340711 1.0000000000000000
54110.506111817638 1.0000000000000000
51562.405107724328 1.0000000000000000
-5672.3735097490353 1.0000000000000000
133739.44941298405 1.0000000000000000
187233.90578437017 1.0000000000000000
217775.07748247049 1.0000000000000000
-176475.95844310205 1.0000000000000000
-96824.898403554238 1.0000000000000000
-152013.01484479895 1.0000000000000000
-61276.286901199688 1.0000000000000000
299297.69724974188 1.0000000000000000
-261402.93093987947 1.0000000000000000
42172.294575620865 1.0000000000000000
255772.87929880587 1.0000000000000000
-81466.292660992956 1.0000000000000000
-252690.68992264205 1.0000000000000000
-316438.62432041764 1.0000000000000000
-118716.43257814812 1.0000000000000000
-81093.491424883789 1.0000000000000000
150581.49134891943 1.0000000000000000
-106819.06800437218 1.0000000000000000
-44471.821068195961 1.0000000000000000
-33397.533415873047 1.0000000000000000
262251.69389960525 1.0000000000000000
-113187.03587672381 1.0000000000000000
-23541.463362689687 1.0000000000000000
-84610.687615465038 1.0000000000000000
-89061.670836286314 1.0000000000000000
-457674.65949874400 1.0000000000000000
98183.320151073625 1.0000000000000000
-269768.11673113710 1.0000000000000000
11138.318194217038 1.0000000000000000
-527513.59394095559 1.0000000000000000
-186955.88379951208 1.0000000000000000
16628.691934776136 1.0000000000000000
107570.66886681713 1.0000000000000000
337331.63441422820 1.0000000000000000
21640.701678166453 1.0000000000000000
72061.750276575796 1.0000000000000000
27197.589967833734 1.0000000000000000
-158731.69752513809 1.0000000000000000
-37772.444882908465 1.0000000000000000
266942.04612832877 1.0000000000000000
-79301.175986809263 1.0000000000000000
198074.26978690500 1.0000000000000000
-65352.078681955325 1.0000000000000000
-164701.92028874307 1.0000000000000000
273885.51952599012 1.0000000000000000
-121196.45777803958 1.0000000000000000
15552.345450301906 1.0000000000000000
-90705.996856313926 1.0000000000000000
-121073.01662438786 1.0000000000000000
-31750.736200126754 1.0000000000000000
206967.89969997975 1.0000000000000000
878594.49125193409 1.0000000000000000
-191179.09656472396 1.0000000000000000
-177101.72418292536 1.0000000000000000
600453.69860895432 1.0000000000000000
165067.27667084889 1.0000000000000000
-12351.248733652415 1.0000000000000000
-65880.666004291750 1.0000000000000000
-255822.30143215804 1.0000000000000000
397454.49497127620 1.0000000000000000
-522520.67687973427 1.0000000000000000
-8359.6235885157257 1.0000000000000000
-76793.476425895220 1.0000000000000000
43392.073460773630 1.0000000000000000
38138.187535000943 1.0000000000000000
-71849.399397603993 1.0000000000000000
-37259.895284013422 1.0000000000000000
23142.762015431766 1.0000000000000000
-28931.994989972034 1.0000000000000000
-999929.33963066537 1.0000000000000000
-67623.913548208555 1.0000000000000000
-212738.26193529303 1.0000000000000000
51847.684223578923 1.0000000000000000
24321.695345475560 1.0000000000000000
-229189.33699798855 1.0000000000000000
-161863.90046913942 1.0000000000000000
32885.039773140415 1.0000000000000000
-924788.84938182530 1.0000000000000000
47395.142437607967 1.0000000000000000
118864.99845769462 1.0000000000000000
-635762.22896415787 1.0000000000000000
163924.54595369918 1.0000000000000000
-406379.87567177508 1.0000000000000000
-610089.30291390046 1.0000000000000000
1777425.0451127163 1.0000000000000000
-1090861.3260393210 1.0000000000000000
-1283257.4337763074 1.0000000000000000
-148533.66751898834 1.0000000000000000
76516.087219137335 1.0000000000000000
-85023.478159770413 1.0000000000000000
90701.962752535677 1.0000000000000000
-146810.90887238667 1.0000000000000000
-7035.0764933803448 1.0000000000000000
620716.34544673632 1.0000000000000000
-12875.906859788043 1.0000000000000000
-40221.832724165899 1.0000000000000000
28591.200765638387 1.0000000000000000
-12144.276880563697 1.0000000000000000
-1759.5059840608224 1.0000000000000000
-48269.568268767209 1.0000000000000000
321882.05814244511 1.0000000000000000
-25319.513862828131 1.0000000000000000
-38750.017277917766 1.0000000000000000
4407.1049011168034 1.0000000000000000
-1451327.1511917845 1.0000000000000000
161817.87071096516 1.0000000000000000
620.07949310869265 1.0000000000000000
69742.428158071460 1.0000000000000000
-145489.38418076662 1.0000000000000000
186303.64097837807 1.0000000000000000
51502.516216730917 1.0000000000000000
-217995.91581214790 1.0000000000000000
348854.87088957900 1.0000000000000000
-565850.66534969641 1.0000000000000000
-246869.75803181110 1.0000000000000000
97235.222046569688 1.0000000000000000
-27448.748232452050 1.0000000000000000
620246.77801901882 1.0000000000000000
-19785.903585211872 1.0000000000000000
104179.31804601441 1.0000000000000000
12509.542878547796 1.0000000000000000
30334.361444865477 1.0000000000000000
137886.45120248792 1.0000000000000000
9170.3895136064839 1.0000000000000000
-70579.029625999945 1.0000000000000000
-528300.26450807846 1.0000000000000000
239032.30316680050 1.0000000000000000
87447.955602121161 1.0000000000000000
69614.214768442092 1.0000000000000000
112431.22362322538 1.0000000000000000
328240.30458277196 1.0000000000000000
-19029.318496376367 1.0000000000000000
-40840.451398230573 1.0000000000000000
-65810.239979316815 1.0000000000000000
-69776.379859524881 1.0000000000000000
-605865.04365856305 1.0000000000000000
-165791.97717870135 1.0000000000000000
20977.899255605505 1.0000000000000000
-101660.08103174946 1.0000000000000000
178585.24583053330 1.0000000000000000
-309303.45378510567 1.0000000000000000
-184942.45298362651 1.0000000000000000
-67799.580196258568 1.0000000000000000
-165550.39644741558 1.0000000000000000
-449142.21680524753 1.0000000000000000
-444027.19232195499 1.0000000000000000
-88319.609039722432 1.0000000000000000
206433.73212087978 1.0000000000000000
433342.89285018982 1.0000000000000000
100786.48643525771 1.0000000000000000
-71357.570700290336 1.0000000000000000
-84268.651727163728 1.0000000000000000
-34719.168040916426 1.0000000000000000
-153019.83415332093 1.0000000000000000
332052.99518589000 1.0000000000000000
592595.22388175142 1.0000000000000000
6397.6046207982472 1.0000000000000000
-2374060.8201209498 1.0000000000000000
2344213.7641150383 1.0000000000000000
-334198.62400078966 1.0000000000000000
-1392117.0053879749 1.0000000000000000
-59315.084386578892 1.0000000000000000
1139414.4035610682 1.0000000000000000
-299430.88530915190 1.0000000000000000
-274087.84053784551 1.0000000000000000
-426313.23123974563 1.0000000000000000
40097.840835344061 1.0000000000000000
568549.90664667718 1.0000000000000000
54374.968067193062 1.0000000000000000
-117921.62188162889 1.0000000000000000
273699.56831847038 1.0000000000000000
-1314779.3033537758 1.0000000000000000
180537.89923986272 1.0000000000000000
104852.26220023127 1.0000000000000000
567797.22828096757 1.0000000000000000
-42458.119741480885 1.0000000000000000
225739.39286026350 1.0000000000000000
366230.80062487314 1.0000000000000000
-67222.504103573025 1.0000000000000000
195676.56274695473 1.0000000000000000
-108111.36287613375 1.0000000000000000
859325.88801328547 1.0000000000000000
838338.76782629651 1.0000000000000000
415037.17310480215 1.0000000000000000
-35999.749845850019 1.0000000000000000
-112487.95026900442 1.0000000000000000
-261315.45467542039 1.0000000000000000
57016.155386730861 1.0000000000000000
20309.751407278953 1.0000000000000000
-159775.40706760233 1.0000000000000000
10392.727544690337 1.0000000000000000
141865.17674840984 1.0000000000000000
-579847.72695556900 1.0000000000000000
-1224910.7096748550 1.0000000000000000
-396202.45674596791 1.0000000000000000
-308519.67507538723 1.0000000000000000
135515.67121538529 1.0000000000000000
-93858.664095711429 1.0000000000000000
-615681.84263971844 1.0000000000000000
364686.59424241126 1.0000000000000000
1992.3305661825998 1.0000000000000000
-137594.54956846152 1.0000000000000000
120102.42010471821 1.0000000000000000
-366873.17539020971 1.0000000000000000
-7577.8677299158990 1.0000000000000000
713762.47587630863 1.0000000000000000
-29037.314452645442 1.0000000000000000
-502741.33593413490 1.0000000000000000
-68221.647155682673 1.0000000000000000
772385.54970746231 1.0000000000000000
-985726.80934322334 1.0000000000000000
-147265.53455037856 1.0000000000000000
-236999.23911389246 1.0000000000000000
199116.26873436946 1.0000000000000000
-4527.1704464196546 1.0000000000000000
-491325.27977303072 1.0000000000000000
-21908.008717533088 1.0000000000000000
-644075.86216135474 1.0000000000000000
1249938.1170051817 1.0000000000000000
25074.674066226740 1.0000000000000000
127480.73274687609 1.0000000000000000
-46515.911907840491 1.0000000000000000
324667.57971940341 1.0000000000000000
-293849.41272650671 1.0000000000000000
256226.56093001817 1.0000000000000000
-638565.82509271568 1.0000000000000000
-482466.57097081316 1.0000000000000000
57902.881184453174 1.0000000000000000
204528.99144453439 1.0000000000000000
-403270.36204018880 1.0000000000000000
578435.47457592003 1.0000000000000000
-132839.70222085298 1.0000000000000000
-449456.51442732190 1.0000000000000000
-81039.993202343030 1.0000000000000000
387792.61184448807 1.0000000000000000
225887.13468047520 1.0000000000000000
611969.86026456789 1.0000000000000000
-1140208.5408686525 1.0000000000000000
1669030.5647860176 1.0000000000000000
477196.19700689253 1.0000000000000000
-312577.69907828589 1.0000000000000000
-441520.91028848174 1.0000000000000000
-4880.3894522741821 1.0000000000000000
-15943.689112523161 1.0000000000000000
-61983.264910713973 1.0000000000000000
31730.693501324015 1.0000000000000000
-135867.92428812018 1.0000000000000000
-22635.017152409531 1.0000000000000000
43423.582323536793 1.0000000000000000
-275132.79138854926 1.0000000000000000
37361.241372787663 1.0000000000000000
56728.890717869428 1.0000000000000000
535182.53814039263 1.0000000000000000
-188005.64673480144 1.0000000000000000
136085.45497013268 1.0000000000000000
31171.248982988465 1.0000000000000000
-28682.547869613187 1.0000000000000000
82175.951175578593 1.0000000000000000
-354350.79270670109 1.0000000000000000
-609085.82400154264 1.0000000000000000
-755745.87757373520 1.0000000000000000
49534.503680893889 1.0000000000000000
-13046.569500970598 1.0000000000000000
-30629.076242643310 1.0000000000000000
-37562.011112491396 1.0000000000000000
-731135.43784029142 1.0000000000000000
-83733.223100190327 1.0000000000000000
-235908.29886793619 1.0000000000000000
-423494.43522324198 1.0000000000000000
218827.62948608995 1.0000000000000000
121254.41373654826 1.0000000000000000
234778.83776311850 1.0000000000000000
94365.231124083206 1.0000000000000000
168418.79642987886 1.0000000000000000
-951730.70531299012 1.0000000000000000
-668592.38522884424 1.0000000000000000
35108.730618022426 1.0000000000000000
217356.22188337537 1.0000000000000000
403335.26473324781 1.0000000000000000
-65483.684398938458 1.0000000000000000
266606.51902529638 1.0000000000000000
-170522.53199242367 1.0000000000000000
30919.457397136484 1.0000000000000000
-332806.72501567687 1.0000000000000000
-244836.41989054007 1.0000000000000000
-268368.79941621720 1.0000000000000000
-291009.16687409865 1.0000000000000000
221955.17894001942 1.0000000000000000
508962.64966143819 1.0000000000000000
-118502.26863814364 1.0000000000000000
28289.756713867511 1.0000000000000000
-19568.447341096191 1.0000000000000000
-163611.06106562997 1.0000000000000000
-283441.61043435120 1.0000000000000000
-30907.102156485147 1.0000000000000000
105863.74267186777 1.0000000000000000
457899.54960878304 1.0000000000000000
739809.14627705235 1.0000000000000000
-98642.606576082282 1.0000000000000000
-708987.22940392175 1.0000000000000000
