-41.621412454475546
4.9702910872762596
45.353243459553930
45.681203934660694
-49.360795630543848
27.676856571223603
10.142983079574252
52.219942306812690
63.528032442327422
23.172960652625409
9.9357985516947274
-28.394681735166749
15.357707637688952
-247.73007241387933
-30.897162886610296
-58.658743297941655
94.181874792986704
-10.953629087210896
21.865445217978792
25.647178114211634
21.611728564141192
90.284963010141880
-63.986155150459687
-15.323676383090227
13.484140673834801
63.333427923472676
-32.132670057286184
-20.521909697321817
21.083275529332223
-13.439849272514168
-28.228589656328349
40.974790213064082
-19.566555573373403
-.70050222710309584
-48.282388161171056
14.991030162261859
