68.083820241919980
-3124.5680457441972
72.322568322888202
74.744292499749221
103.05395752314263
-.96506340018180181
24.598398203532749
2.9465766594893927
26.126257675367469
-6.0528640811535128
-34.292696894711632
32.030123782347466
-9.6530395051173432
43.424991250697197
-21.010777152922596
41.513264830605188
2.2506774403392753
18.590804316900982
-35.992159920091993
8.2786065805190390
-38.379539767125699
-63.602837938478970
34.638038350658448
20.974311693146873
-44.354758695343179
7.4374758364241886
-470.70614083926733
19.235874684180747
559.49817732152974
5.0085864115687615
-12.717720981330087
-19.032028504392780
-6.1599336690218554
-5.8527177991103132
-19.306866037933045
2396.1119800372135
-76.345222113476567
3.2798526711192322
-5.2478382427367496
-16.064187098127093
18.132006146139453
32.018240485457440
-331.85056670189397
-27.232492332339898
45.653888161611029
227.92009021679286
3.3429319496246381
34.502447311692876
-33.913064766858277
2.8569698542018700
9.8534139751816845
31.267032179138265
33.542299378825490
267.91586415390384
392.24396381088980
-56.257659799193917
22.623537166927541
-36.840884437203528
32.861200949037666
572.66984574731373
11.306914119459822
-93.221672494078604
-9.4924033317400820
-17.182963774196004
-57.185509633719157
-42.576801708391756
-3.4037498599097344
34.839109248310969
161.96163517631535
-7.6227660865420308
86.740156562762905
16.864170545493813
-12.014974968086557
53.423574164784633
-24.473471120819202
-136.00262736939487
-224.97263909437635
-64.745492138899706
-144.29661968078014
32.424845391069610
-121.82331531305542
50.410528575798395
-187.32749172163466
-47.252285427252041
29.446806781288537
151.64391431099207
-.68162513127059343
21.875219776227688
-149.78278643730997
16.946852691177696
-47.265580590185188
-33.663107725724458
162.87911003905356
6.4509642438187802
1099.6764414798406
-50.278955640414672
17.369454734567078
59.600456789070428
16.697898254853420
-2.5173145619289459
21.262758018781401
75.581969586533546
48.856191092251066
32.856910410944977
-72.380849729343097
-15.960110383871200
-72.640089160615219
21.101632562378509
1.1532439027965098
21.809094362496911
.43555449145074809E-001
-568.58304900733140
804.01775043093141
53.736359129138584
71.197261278075572
-1662.4225213217251
-39.843844860706668
5.2891014698461376
23.133828490688661
13.037264028348755
457.61282812505215
-1386.0318792688945
-977.96648932878941
12.610571440363499
-160.45876692065207
-42.730089482419395
45.090508751998641
84.335616747126167
-31.654278986272498
-30.616397873334556
-10.999315484747378
-21.089663932868085
26.257421056130319
1.9022971141703413
44.067835396894367
58.303562548312470
20.535387212338971
-29.623088405288161
-74.541467358712140
-9.7639610226963693
2205.5254703111632
-43.456193970649728
-3.8418615916568917
-111.28454488360413
31.514001522298067
1.2698030231011468
-177.21920958532877
-9.7112804115316695
38.561963374089565
-40.129635304417121
