           1   7.7795884759974951     
           2   9.1175364217630772     
           3   8.3016752373008753     
           4   7.1131905968769233     
           5   6.3389269076410715     
           6   7.5828672095371230     
           7   7.7120560793598161     
           8   9.4917439974135700     
           9   6.4437537304558345     
          10   7.8403232521989894     
          11   9.0809023483495448     
          12   7.6995885585998849     
          13   7.1181401148318360     
          14   7.1184723845968465     
          15   7.8714795351814359     
          16   6.2906440247827886     
          17   10.186006441045928     
          18   6.4689728254603738     
          19   7.1229419086667844     
          20   6.7707880210956546     
          21   6.3662022219297869     
          22   9.0144738345501878     
          23   9.3302048530307875     
          24   8.0442334687469579     
          25   6.4478842257958036     
          26   9.4329842025883863     
          27   9.3017917848464240     
          28   7.6876257900404426     
          29   8.7556502486087311     
          30   6.3353338545389688     
          31   5.7788651426669162     
          32   7.7450285235531355     
          33   7.7979304331185517     
          34   8.3587376971389258     
          35   8.2471910771789876     
          36   7.9957900154258255     
          37   9.8706342580891828     
          38   8.3986530824980523     
          39   10.377489108674903     
          40   8.1557856252032170     
          41   10.276901495086975     
          42   8.2555030707435435     
          43   6.7650588045377731     
          44   7.2193408186422516     
          45   10.433826772766736     
          46   8.7403542358098889     
          47   8.6561202231021070     
          48   5.3376758907242747     
          49   9.1196912272588602     
          50   9.3556077798648598     
          51   9.0508200711029385     
          52   8.0505522007791228     
          53   7.0571803088731331     
          54   6.2760019211615941     
          55   7.7077682345557150     
          56   7.8852219217806505     
          57   4.8758142524708132     
          58   6.7253917637593759     
          59   6.7416792632759170     
          60   6.4684500090960642     
          61   7.2232692878849134     
          62   9.0859742378051465     
          63   6.6761542081551584     
          64   7.4288224031279055     
          65   7.1526240431118708     
          66   8.1335079156986581     
          67   8.4545840759853945     
          68   8.5692281664835068     
          69   8.6676902594700973     
          70   8.2763409671224135     
          71   10.385913287770242     
          72   10.824351317454747     
          73   7.6896558903605028     
          74   7.3805294311288776     
          75   8.9564976384695569     
          76   6.8742129438163033     
          77   8.2623554219327957     
          78   9.8140305949472495     
          79   8.2348640625776088     
          80   10.759909298753371     
          81   6.0292201762784812     
          82   8.1812668198671759     
          83   7.7526957955003581     
          84   9.2807765253752255     
          85   6.8530768925918624     
          86   7.9358613040155888     
          87   9.2139894869750183     
          88   10.427092060601487     
          89   9.1365431802444732     
          90   8.4892867324150334     
          91   8.2619573576886864     
          92   9.1246496610626195     
          93   10.371237955977259     
          94   7.8455315736337257     
          95   8.2918590856596293     
          96   6.6411144345185944     
          97   6.1718933312855784     
          98   10.295859422945398     
          99   7.7397496579334684     
         100   7.7058595806426906     
         101   6.9100540328072197     
         102   6.8666895792485052     
         103   8.1935708739463848     
         104   7.1790663943986415     
         105   9.4090140762326850     
         106   8.8164677409382648     
         107   7.9765927959943879     
         108   7.9348385465203632     
         109   7.7190476369141452     
         110   7.2993586193849938     
         111   7.3583729778749785     
         112   8.4753575256707645     
         113   9.1461802627996835     
         114   6.4048370124535836     
         115   8.8674478225467510     
         116   7.8749970262819033     
         117   7.0222502505138209     
         118   9.0258969446409960     
         119   8.7739301935269314     
         120   7.1134554099610527     
         121   6.2893787203841880     
         122   8.2459910648987407     
         123   6.5983828236990503     
         124   8.8645540765301494     
         125   6.4420791134467477     
         126   7.7795752680072683     
         127   9.1175461046271753     
         128   8.3019468981993327     
         129   7.1141368515974364     
         130   6.3380140523018254     
         131   7.5828682431266357     
         132   7.7118013304616779     
         133   9.4917405256313341     
         134   6.4437547069586190     
         135   7.8403409485938864     
         136   9.0808966220169136     
         137   7.6995884928401592     
         138   7.1176099525287482     
         139   7.1184298047193693     
         140   7.8715479850962806     
         141   6.2908447617001757     
         142   10.186006536678880     
         143   6.4689578012881270     
         144   7.1229639250627956     
         145   6.7707403880173160     
         146   6.3662551599661201     
         147   9.0146272161483321     
         148   9.3302047571129183     
         149   8.0442606777837682     
         150   6.4479407068036494     
         151   9.4330610614333636     
         152   9.3018065594885879     
         153   7.6875580713724689     
         154   8.7556502221689048     
         155   6.3353128845051287     
         156   5.7788527521759265     
         157   7.7449199461297171     
         158   7.7978883579554008     
         159   8.3586880604561511     
         160   8.2471801271955574     
         161   7.9958715980404236     
         162   9.8706308867762491     
         163   8.3987010115209841     
         164   10.377504507421937     
         165   8.1557763940600125     
         166   10.275337171734899     
         167   8.2555082898319565     
         168   6.7670185331435659     
         169   7.2193310659274443     
         170   10.433824656668113     
         171   8.7404421755613271     
         172   8.6561200623911727     
         173   5.3376771794724887     
         174   9.1197507761533725     
         175   9.3555979794070936     
         176   9.0508053425206949     
         177   8.0505632783999204     
         178   7.0571807247056499     
         179   6.2760458083620279     
         180   7.7077489062178488     
         181   7.8852219063617595     
         182   4.8758318870703947     
         183   6.7255098499881951     
         184   6.7416720855247263     
         185   6.4684675550449811     
         186   7.2246940170056746     
         187   9.0859670169276114     
         188   6.6754548472686865     
         189   7.4288124489470038     
         190   7.1527195273577417     
         191   8.1335179014614027     
         192   8.4545840243071098     
         193   8.5692391616802297     
         194   8.6678012512609453     
         195   8.2763136692348862     
         196   10.385930398742763     
         197   10.824348249924867     
         198   7.6896621380011920     
         199   7.3810998245370643     
         200   8.9563131228135830     
         201   6.8742106851998983     
         202   8.2622731857397103     
         203   9.8140702933221551     
         204   8.2348609891592446     
         205   10.759893781601306     
         206   6.0292303521940012     
         207   8.1808461759063480     
         208   7.7523878959086687     
         209   9.2810112466598298     
         210   6.8530768761757868     
         211   7.9359011031468567     
         212   9.2139896368818395     
         213   10.427086563296674     
         214   9.1365111981973914     
         215   8.4892868518401965     
         216   8.2619952836500747     
         217   9.1247176703186224     
         218   10.371240971768563     
         219   7.8455346021361647     
         220   8.2918747897358003     
         221   6.6411144461024874     
         222   6.1718961892875841     
         223   10.295862122257594     
         224   7.7397275662398215     
         225   7.7058596037662141     
         226   6.9099315742084668     
         227   6.8664650334326138     
         228   8.1935442842563848     
         229   7.1790664631810728     
         230   9.4088984530860102     
         231   8.8164673757374317     
         232   7.9766505734434832     
         233   7.9351072738100852     
         234   7.7190309724824333     
         235   7.2992619841929995     
         236   7.3583719606661857     
         237   8.4753652927304870     
         238   9.1459579226706946     
         239   6.4048877960558457     
         240   8.8674192951491673     
         241   7.8749593651190253     
         242   7.0226064220217195     
         243   9.0258164667318397     
         244   8.7738766798276320     
         245   7.1134286330325081     
         246   6.2893748823871460     
         247   8.2460095570596081     
         248   6.5983707203944277     
         249   8.8645616813855472     
         250   6.4420461813226852     
         251   7.7795088455875430     
         252   9.1178540620159652     
         253   8.3019361105091889     
         254   7.1141366968191546     
         255   6.3380382208171495     
         256   7.5830400928031736     
         257   7.7117974701159255     
         258   9.4915605819023199     
         259   6.4434959826837526     
         260   7.8408874784609948     
         261   9.0809004828812476     
         262   7.6995887460379704     
         263   7.1175943494793801     
         264   7.1184281502357107     
         265   7.8715238583912805     
         266   6.2908458737411665     
         267   10.185924432292950     
         268   6.4689743351273892     
         269   7.1229600089458245     
         270   6.7707375982424578     
         271   6.3662350743683191     
         272   9.0146573400746970     
         273   9.3302017131168018     
         274   8.0442634005860523     
         275   6.4478831139263280     
         276   9.4330316424712919     
         277   9.3018158382719580     
         278   7.6875049211992632     
         279   8.7556606823807019     
         280   6.3378348658241066     
         281   5.7788732240766576     
         282   7.7449173949268015     
         283   7.7979221621053698     
         284   8.3587563491803767     
         285   8.2472026301112660     
         286   7.9958490628192180     
         287   9.8706306690202350     
         288   8.3987010514039380     
         289   10.377490678351402     
         290   8.1557654777864173     
         291   10.275331363992393     
         292   8.2554681949753785     
         293   6.7670217067443259     
         294   7.2193406806931080     
         295   10.433382411538863     
         296   8.7404423042022099     
         297   8.6561465368545019     
         298   5.3367873935384109     
         299   9.1197508096871243     
         300   9.3554234458158021     
         301   9.0507205564048068     
         302   8.0505916779349604     
         303   7.0571755454460190     
         304   6.2760834633499485     
         305   7.7077670116995591     
         306   7.8851986501806932     
         307   4.8758059785112851     
         308   6.7254093962495363     
         309   6.7416792310696492     
         310   6.4684438910758599     
         311   7.2246872545859446     
         312   9.0859724249511178     
         313   6.6761536965825785     
         314   7.4286822153873686     
         315   7.1527421927320534     
         316   8.1341720530399666     
         317   8.4545912227329527     
         318   8.5692366122110197     
         319   8.6676893454120236     
         320   8.2763344815748123     
         321   10.385917167556670     
         322   10.824348196819736     
         323   7.6891409659674723     
         324   7.3810932846935771     
         325   8.9564883404785665     
         326   6.8742208380821621     
         327   8.2623661374917674     
         328   9.8140916674318905     
         329   8.2348718544511339     
         330   10.759904307391688     
         331   6.0289464498793182     
         332   8.1808585367830915     
         333   7.7524019102152879     
         334   9.2810342673591126     
         335   6.8531094380715940     
         336   7.9358501246872493     
         337   9.2139658752543596     
         338   10.427381965523827     
         339   9.1365461851263117     
         340   8.4892297811315220     
         341   8.2619764290451112     
         342   9.1247177238975237     
         343   10.371255371855057     
         344   7.8455309214332187     
         345   8.2918429169399896     
         346   6.6411143422460741     
         347   6.1719315759905085     
         348   10.295861037437191     
         349   7.7397457311834996     
         350   7.7059093719186462     
         351   6.9099602146367642     
         352   6.8664713508295563     
         353   8.1935523576099367     
         354   7.1790665146628685     
         355   9.4089320990376759     
         356   8.8164620282245210     
         357   7.9766660195827130     
         358   7.9351277406413301     
         359   7.7189212013829165     
         360   7.2993373238392110     
         361   7.3586666781114518     
         362   8.4753583059351367     
         363   9.1459506205550465     
         364   6.4048571393294269     
         365   8.8674181528360236     
         366   7.8749789422410190     
         367   7.0226038230213703     
         368   9.0257988712272663     
         369   8.7738793271646696     
         370   7.1134685881041078     
         371   6.2893654474492182     
         372   8.2460185125804255     
         373   6.5988225440564747     
         374   8.8645585079872458     
         375   6.4420744456713619     
         376   7.7795779831501664     
         377   9.1175503133577731     
         378   8.3019415627455260     
         379   7.1141368266628620     
         380   6.3380218423808019     
         381   7.5829084939800664     
         382   7.7117956370655252     
         383   9.4917415642072829     
         384   6.4436736778913728     
         385   7.8403409295410329     
         386   9.0809003550614680     
         387   7.6995865726298307     
         388   7.1176001222269365     
         389   7.1184298759397580     
         390   7.8715479909603987     
         391   6.2908427751251184     
         392   10.186025527749223     
         393   6.4689743558240780     
         394   7.1229600582600670     
         395   6.7707402595312756     
         396   6.3662517990179781     
         397   9.0146489081117807     
         398   9.3303756264468998     
         399   8.0442606939202879     
         400   6.4478752960307020     
         401   9.4330611454554969     
         402   9.3017668724589466     
         403   7.6875049597695879     
         404   8.7556501894559720     
         405   6.3353042603477929     
         406   5.7788704137346558     
         407   7.7449173255638470     
         408   7.7979222396888490     
         409   8.3587564021031344     
         410   8.2471561131353610     
         411   7.9958511963404435     
         412   9.8706306780668651     
         413   8.3987010044774966     
         414   10.377801419931510     
         415   8.1557772345197090     
         416   10.275336583853383     
         417   8.2555137394159406     
         418   6.7670215132565472     
         419   7.2193489021174555     
         420   10.433829497481705     
         421   8.7404423526033579     
         422   8.6561202459174833     
         423   5.3376757398780414     
         424   9.1197508249861130     
         425   9.3555979728972716     
         426   9.0508035977867198     
         427   8.0505633132634475     
         428   7.0571807727891001     
         429   6.2760830029635599     
         430   7.7077488526746647     
         431   7.8852284501993308     
         432   4.8758006039985089     
         433   6.7254097400674100     
         434   6.7416792997055195     
         435   6.4684527471415363     
         436   7.2246900162461998     
         437   9.0859554157604521     
         438   6.6761598160424382     
         439   7.4288125782718453     
         440   7.1527350610990839     
         441   8.1335148952463410     
         442   8.4545554798379694     
         443   8.5692521586280836     
         444   8.6676893495081035     
         445   8.2763280510937793     
         446   10.385908790472854     
         447   10.824348339162725     
         448   7.6896621402166643     
         449   7.3811008138512006     
         450   8.9564643135969391     
         451   6.8742097381764324     
         452   8.2623658134442621     
         453   9.8140702942121152     
         454   8.2347678198015419     
         455   10.759909139450031     
         456   6.0292303196515036     
         457   8.1808453430095938     
         458   7.7523909176504162     
         459   9.2810140956363885     
         460   6.8530765868954973     
         461   7.9359164324647509     
         462   9.2138520480463431     
         463   10.427072303113031     
         464   9.1365436650501888     
         465   8.4892869009684091     
         466   8.2619708877310245     
         467   9.1247177072549643     
         468   10.371249280340294     
         469   7.8455333028388168     
         470   8.2918347303580990     
         471   6.6411114081959113     
         472   6.1718962137110411     
         473   10.295862047408889     
         474   7.7397457238426837     
         475   7.7058621395500113     
         476   6.9099502132584503     
         477   6.8664658102047156     
         478   8.1935441601066827     
         479   7.1790742904310223     
         480   9.4089320092967714     
         481   8.8164659956853288     
         482   7.9766429787548150     
         483   7.9351071738262631     
         484   7.7190317944256508     
         485   7.2992851502262965     
         486   7.3583827988685471     
         487   8.4753652884391499     
         488   9.1459579056711018     
         489   6.4048757281232538     
         490   8.8674163119595164     
         491   7.8749790686301067     
         492   7.0226030097315402     
         493   9.0258104904277729     
         494   8.7738766328135771     
         495   7.1134686770810545     
         496   6.2891314439175972     
         497   8.2460102456714139     
         498   6.5983706052967932     
         499   8.8645584324176898     
         500   6.4420585044474592     
         501   7.7795750824214451     
         502   9.1175460897304479     
         503   8.3019414927317712     
         504   7.1141365112632302     
         505   6.3380192884188205     
         506   7.5828681532326527     
         507   7.7117936190382848     
         508   9.4917421041239631     
         509   6.4437548982434310     
         510   7.8403409479721518     
         511   9.0808987856948988     
         512   7.6995885466439331     
         513   7.1175999596413062     
         514   7.1184213644024981     
         515   7.8715481018049331     
         516   6.2908516021997798     
         517   10.186006312852877     
         518   6.4689744412082559     
         519   7.1229538161202868     
         520   6.7707340874041888     
         521   6.3662354325435331     
         522   9.0146430916571294     
         523   9.3302049457861358     
         524   8.0442642919376599     
         525   6.4478831319604337     
         526   9.4330610420476741     
         527   9.3018031687636640     
         528   7.6875062084665728     
         529   8.7556424324066597     
         530   6.3353127051685005     
         531   5.7788646941570692     
         532   7.7449093386019667     
         533   7.7979203795593817     
         534   8.3587563930175666     
         535   8.2471976946490404     
         536   7.9958512357576792     
         537   9.8706479612156759     
         538   8.3985137201103921     
         539   10.377489169604283     
         540   8.1557874523561136     
         541   10.275333633143191     
         542   8.2555083036125243     
         543   6.7670210072859618     
         544   7.2193407057597865     
         545   10.433824740727269     
         546   8.7406945514525400     
         547   8.6561167184966248     
         548   5.3376769147115697     
         549   9.1199114642534287     
         550   9.3555980841693636     
         551   9.0508051143528601     
         552   8.0505791256587145     
         553   7.0572620909333450     
         554   6.2760754515365802     
         555   7.7077390138901665     
         556   7.8852219139942763     
         557   4.8758140405927675     
         558   6.7254001012369331     
         559   6.7416811405723251     
         560   6.4684526448303927     
         561   7.2246919680208634     
         562   9.0859742744757650     
         563   6.6761537545161218     
         564   7.4288126861616020     
         565   7.1527451512839280     
         566   8.1335178762658042     
         567   8.4545841072765793     
         568   8.5692466720619027     
         569   8.6676893853072752     
         570   8.2763315557967303     
         571   10.385908781327885     
         572   10.824230420937170     
         573   7.6896623077950990     
         574   7.3811484057386378     
         575   8.9564859267531087     
         576   6.8742211207996133     
         577   8.2623662092895334     
         578   9.8140674023764145     
         579   8.2348640466657148     
         580   10.759910736626940     
         581   6.0292305022869828     
         582   8.1808454675280018     
         583   7.7523873056363568     
         584   9.2810146222340482     
         585   6.8530709146990985     
         586   7.9358613141035335     
         587   9.2139895326222732     
         588   10.427086461505363     
         589   9.1365470108443869     
         590   8.4892813463469565     
         591   8.2619737071897621     
         592   9.1243053850083502     
         593   10.371237986188760     
         594   7.8455370668186033     
         595   8.2918428961614072     
         596   6.6411143326926476     
         597   6.1718945484123919     
         598   10.295918028581108     
         599   7.7396864259418976     
         600   7.7058686233254248     
         601   6.9099576470495663     
         602   6.8664658586710630     
         603   8.1935036242930810     
         604   7.1790665577475279     
         605   9.4089380688069664     
         606   8.8164537760396602     
         607   7.9766363176720274     
         608   7.9351171753461545     
         609   7.7190310650809693     
         610   7.2992808185496942     
         611   7.3583721076710349     
         612   8.4755203265485761     
         613   9.1459602001457370     
         614   6.4048482968507301     
         615   8.8674259702794984     
         616   7.8749838382834314     
         617   7.0225995995058765     
         618   9.0257749481371548     
         619   8.7738730123988944     
         620   7.1134686582034492     
         621   6.2893786956912168     
         622   8.2460097538004415     
         623   6.5983705567508082     
         624   8.8645344408965148     
         625   6.4420744837696775     
         626   7.7795751871988346     
         627   9.1175460545376072     
         628   8.3019416621970095     
         629   7.1141367185112658     
         630   6.3380217469425588     
         631   7.5828680833704807     
         632   7.7117955317717133     
         633   9.4917405887639461     
         634   6.4437548074858073     
         635   7.8403409440462228     
         636   9.0809340010164110     
         637   7.6995885481880846     
         638   7.1176001096700547     
         639   7.1184298193937439     
         640   7.8715478877196574     
         641   6.2908427879214246     
         642   10.186006420203398     
         643   6.4689742331592202     
         644   7.1229558271698084     
         645   6.7707403267979958     
         646   6.3662354406509207     
         647   9.0146428603703530     
         648   9.3302048357879812     
         649   8.0442605943381214     
         650   6.4478976225096289     
         651   9.4330610631772824     
         652   9.3018032308536931     
         653   7.6875023547273331     
         654   8.7556502470716087     
         655   6.3353127982722226     
         656   5.7789354020909700     
         657   7.7449204316709102     
         658   7.7979157599411524     
         659   8.3587645041278424     
         660   8.2471976752296232     
         661   7.9958512334269471     
         662   9.8706488897546283     
         663   8.3987010208498791     
         664   10.377489152244342     
         665   8.1557873830935623     
         666   10.275336522581634     
         667   8.2555083379839775     
         668   6.7670215314985098     
         669   7.2193823510049056     
         670   10.433824749901893     
         671   8.7404436419691365     
         672   8.6561203820575656     
         673   5.3376770233279744     
         674   9.1197509924020519     
         675   9.3555978656407124     
         676   9.0508053324886450     
         677   8.0505634438296170     
         678   7.0571807071506027     
         679   6.2760754405334183     
         680   7.7077488486249495     
         681   7.8852219233321721     
         682   4.8758141788404146     
         683   6.7253999997932015     
         684   6.7416930319910007     
         685   6.4684526955235997     
         686   7.2246900575446675     
         687   9.0859635515386490     
         688   6.6761542831907077     
         689   7.4288124050650977     
         690   7.1527350148670807     
         691   8.1335179591389988     
         692   8.4545840518811328     
         693   8.5692467392552967     
         694   8.6676775174458580     
         695   8.2763315508428263     
         696   10.385910028402558     
         697   10.824356177861128     
         698   7.6896620512677218     
         699   7.3811008610434214     
         700   8.9564857304364036     
         701   6.8742105951529693     
         702   8.2623557273104016     
         703   9.8140701357508728     
         704   8.2348640467827945     
         705   10.759903161403372     
         706   6.0292304204733682     
         707   8.1808453625903130     
         708   7.7523908768006704     
         709   9.2810141493156948     
         710   6.8530768252849725     
         711   7.9358612662894457     
         712   9.2139894379789098     
         713   10.427086578319082     
         714   9.1365307705240184     
         715   8.4892868644866439     
         716   8.2619761148084958     
         717   9.1247177474417835     
         718   10.371237933313296     
         719   7.8455239033909647     
         720   8.2918202492530977     
         721   6.6411057657882679     
         722   6.1718962715077241     
         723   10.295862025699384     
         724   7.7397499238570235     
         725   7.7058685082020588     
         726   6.9099502960748209     
         727   6.8664658570012307     
         728   8.1935441547859309     
         729   7.1790823732120730     
         730   9.4089256658400782     
         731   8.8164747704281581     
         732   7.9766396609904291     
         733   7.9351072379488414     
         734   7.7190310389831707     
         735   7.2992806101503520     
         736   7.3583722151199522     
         737   8.4753683748106905     
         738   9.1459579035911815     
         739   6.4048481859188469     
         740   8.8674257186613090     
         741   7.8749854790448994     
         742   7.0226030403212762     
         743   9.0258104430720323     
         744   8.7738765896466671     
         745   7.1134631320169133     
         746   6.2893786977447803     
         747   8.2460103042630148     
         748   6.5983706186221980     
         749   8.8645446531424081     
         750   6.4420570835518447     
         751   7.7795649254254231     
         752   9.1175474843051916     
         753   8.3019415478443079     
         754   7.1141366086501607     
         755   6.3380217874843652     
         756   7.5828650765551515     
         757   7.7117955338094362     
         758   9.4917329077592285     
         759   6.4437545604964539     
         760   7.8403417228163148     
         761   9.0809002299242252     
         762   7.6995893479294564     
         763   7.1176001163723299     
         764   7.1184012210153087     
         765   7.8715480451804183     
         766   6.2908427661209503     
         767   10.186003252218446     
         768   6.4689743084887823     
         769   7.1229599857907715     
         770   6.7707402472002514     
         771   6.3662354309266602     
         772   9.0146430276863985     
         773   9.3302048133818598     
         774   8.0442621761656792     
         775   6.4478830855957767     
         776   9.4330591597953717     
         777   9.3018032755833815     
         778   7.6875049225654948     
         779   8.7554279693122030     
         780   6.3353127916629619     
         781   5.7788730814143037     
         782   7.7449173446239188     
         783   7.7979223331066878     
         784   8.3587563571594501     
         785   8.2471976753620879     
         786   7.9958511186152537     
         787   9.8706297333005750     
         788   8.3987010132374653     
         789   10.377489065179267     
         790   8.1557878505505155     
         791   10.275336483517151     
         792   8.2554981825194691     
         793   6.7670216081707695     
         794   7.2193408354418507     
         795   10.433822955532017     
         796   8.7404422255002032     
         797   8.6562132574363577     
         798   5.3376771519512927     
         799   9.1197507058607048     
         800   9.3555977513152015     
         801   9.0508052500606109     
         802   8.0505595488228892     
         803   7.0571775715516765     
         804   6.2760754257831195     
         805   7.7077363918835813     
         806   7.8852219572719191     
         807   4.8758140455720236     
         808   6.7254002346479256     
         809   6.7416792200175450     
         810   6.4684523731976356     
         811   7.2246900890449792     
         812   9.0859741553010931     
         813   6.6761536164772979     
         814   7.4288124482580997     
         815   7.1527350751585077     
         816   8.1335117730221214     
         817   8.4545629974468479     
         818   8.5692466845156332     
         819   8.6676894861812830     
         820   8.2763315488387548     
         821   10.385918966485841     
         822   10.824332320156012     
         823   7.6896594325823839     
         824   7.3811008688212114     
         825   8.9564859289847814     
         826   6.8741966723360219     
         827   8.2623661200598999     
         828   9.8140767616132880     
         829   8.2348697981037731     
         830   10.759903238211981     
         831   6.0292304272455794     
         832   8.1808455338919348     
         833   7.7523908058235333     
         834   9.2810140797003928     
         835   6.8530875313862794     
         836   7.9358611636713094     
         837   9.2139895027825300     
         838   10.427085786415546     
         839   9.1365461464928526     
         840   8.4892609228068263     
         841   8.2619740757777436     
         842   9.1247176859597321     
         843   10.371242044989438     
         844   7.8455258835762338     
         845   8.2918430393729441     
         846   6.6411009011820097     
         847   6.1719275116053423     
         848   10.295849430610190     
         849   7.7397458248435855     
         850   7.7058685244005760     
         851   6.9099502361644909     
         852   6.8664656933620636     
         853   8.1935456407456773     
         854   7.1790606072337937     
         855   9.4089317199874927     
         856   8.8164665996004032     
         857   7.9766395418961151     
         858   7.9351072893600572     
         859   7.7190297931038003     
         860   7.2992805777303715     
         861   7.3583731172922926     
         862   8.4753644332875151     
         863   9.1459578354261648     
         864   6.4048482533975744     
         865   8.8674255526812740     
         866   7.8749790454846407     
         867   7.0226029495669691     
         868   9.0258104693874852     
         869   8.7739974124491109     
         870   7.1134686440390551     
         871   6.2893788085810725     
         872   8.2460102032779332     
         873   6.5983706304894172     
         874   8.8645583352670005     
         875   6.4420745889037603     
         876   7.7795751255169803     
         877   9.1175460533648138     
         878   8.3019416370877561     
         879   7.1141368114240322     
         880   6.3380216446683448     
         881   7.5828723368963820     
         882   7.7117955933625808     
         883   9.4917418524962240     
         884   6.4437547588472057     
         885   7.8403409739204148     
         886   9.0809003779529576     
         887   7.6995858093759084     
         888   7.1176001062982364     
         889   7.1184299412987571     
         890   7.8715478865749446     
         891   6.2908427777556044     
         892   10.186005213177699     
         893   6.4689743634042429     
         894   7.1229599455360626     
         895   6.7707401857916238     
         896   6.3662353889934780     
         897   9.0146430293923654     
         898   9.3302048895869429     
         899   8.0442606968104737     
         900   6.4478832098217067     
         901   9.4330610518567060     
         902   9.3018033154094528     
         903   7.6875050082398957     
         904   8.7556525584513079     
         905   6.3353130174988905     
         906   5.7788725595847454     
         907   7.7449172836667231     
         908   7.7979222400358026     
         909   8.3587563728407499     
         910   8.2471954773077218     
         911   7.9958511920292494     
         912   9.8706275102380800     
         913   8.3987010536316120     
         914   10.377486811266143     
         915   8.1557873934373593     
         916   10.275336540025137     
         917   8.2555081647240431     
         918   6.7670215375948715     
         919   7.2193187300188315     
         920   10.433824753887222     
         921   8.7404422898748440     
         922   8.6561202695621091     
         923   5.3376769033651312     
         924   9.1197506942753730     
         925   9.3555979068960937     
         926   9.0508051743341493     
         927   8.0505632691432911     
         928   7.0571808334710413     
         929   6.2760754964984171     
         930   7.7077488787377506     
         931   7.8852218377963554     
         932   4.8758139447095159     
         933   6.7254000356939896     
         934   6.7416735779492383     
         935   6.4684535676349997     
         936   7.2246901346083519     
         937   9.0859677541769965     
         938   6.6761536152919421     
         939   7.4288124553492025     
         940   7.1527349517463863     
         941   8.1335179184850031     
         942   8.4545941702757545     
         943   8.5692465782877889     
         944   8.6676893062196427     
         945   8.2763316106297875     
         946   10.385910780129564     
         947   10.824349893347611     
         948   7.6896621446831359     
         949   7.3811008917925092     
         950   8.9564857785381005     
         951   6.8742107235494627     
         952   8.2623662555178807     
         953   9.8140702442167562     
         954   8.2348632770059567     
         955   10.759903131553187     
         956   6.0292303851664242     
         957   8.1808455696929254     
         958   7.7523909864216689     
         959   9.2810139844728496     
         960   6.8530758255737965     
         961   7.9358672009352818     
         962   9.2139894595421392     
         963   10.427086583575127     
         964   9.1365462692731594     
         965   8.4892868967724553     
         966   8.2619741228090025     
         967   9.1247176748602410     
         968   10.371239230090245     
         969   7.8455405953091599     
         970   8.2918473171039295     
         971   6.6411677252564232     
         972   6.1718976376617434     
         973   10.295862052146200     
         974   7.7397457253585458     
         975   7.7058685447530211     
         976   6.9099504006952657     
         977   6.8664658548093671     
         978   8.1935443133832369     
         979   7.1791371575021872     
         980   9.4089319973362340     
         981   8.8164660881090722     
         982   7.9766396030575493     
         983   7.9351072920372872     
         984   7.7190310141887908     
         985   7.2992807545400638     
         986   7.3583721685517007     
         987   8.4753652352457234     
         988   9.1459578917910189     
         989   6.4048482713312564     
         990   8.8674257368006497     
         991   7.8749789488609467     
         992   7.0226030131713815     
         993   9.0258104693729706     
         994   8.7738767195568812     
         995   7.1134686880503937     
         996   6.2893841088817721     
         997   8.2460101868381717     
         998   6.5983706690924464     
         999   8.8645584798199284     
        1000   6.4420844529928445  
