   2.1999126171928580      -0.21330794224587055       0.12955750570311148     
 -0.20912923876109299        2.1815267991020555       0.40125938925908983     
  0.12887512858526362       0.40842127362547886        1.9687170751506500     
   2.5091717006860357       -6.4462555458469684E-002   9.0055614472763820E-002
  -6.1336093565249938E-002   2.1726351861790434       0.22499272341973969     
   8.2560697554763987E-002  0.22574178140873402        1.6684105352061778     
   2.2799537461377106      -0.16912809076079563       -2.8727879245621667E-002
 -0.17350167790761825        1.7972452063345017       0.37112817953099109     
  -2.8082237423222852E-002  0.36438985124555440        2.2731114318672532     
   2.4321896222607791        8.7199513539269441E-002 -0.26632641794613504     
   8.4319086359481016E-002   2.1565282889528277       0.22709188363479932     
 -0.25904840057177086       0.22656922151729289        1.7621900355424458     
   2.1036048597633119       -6.6246894719783039E-002 -0.32974227377982701     
  -6.2601174809146176E-002   2.4727343523875902        9.6426847814840816E-002
 -0.32634477450675903        9.0015544198139494E-002   1.7748103878532611     
   2.2670577486726629       0.11305139956594998       0.21069177493362440     
  0.11110703343678568        2.4514111049257110        4.2304745564500590E-002
  0.20656519437865140        3.5558141644338070E-002   1.6323132988078584     
   2.3409059659020350       0.13095810362263621       -3.6700452295826969E-003
  0.13375428969520037        2.3404218905897558      -0.27557471816406165     
   3.0395557724938183E-007 -0.26906934962602636        1.6694246209270922     
   2.2543098593303910      -0.19125317004140230      -0.18635007605096274     
 -0.19479536172342898        2.3774841283554764      -0.22164283915816124     
 -0.19001960503405696      -0.21524447126590440        1.7189108223371719     
   2.0440495524178601      -0.47249314916068991        4.5505262832239872E-002
 -0.46429834712379370        2.0342241565038925       -4.3561761363490679E-002
   4.4011858515905500E-002  -4.5246991808199521E-002   2.2727808770365883     
   1.7709906281979997      -0.26141353686417867       0.22045856399922981     
 -0.26070226350955644        2.1183076989611180        9.1739723332029094E-002
  0.21346936124149818        8.8023751495651240E-002   2.4606895709816108     
   2.3917575298837122      -0.31055200103375696        7.8414063807718620E-002
 -0.31821655758274126        1.6949440806820988        4.2325300498894387E-002
   7.9330888321413551E-002   4.4021424454704375E-002   2.2640937650193607     
   2.0384361897639138      -0.14476839713574174       0.40622339966655041     
 -0.14547921026432303        2.1645250987408815       0.21167227295809937     
  0.41356324990530402       0.21506416942461221        2.1475689294987035     
   2.0429297378350419      -0.11094369181094096       0.38163957819449823     
 -0.11545556899868782        2.4265913100657706       -6.2341018805912835E-002
  0.38634233827270725       -6.7505088781381839E-002   1.8810092365360731     
   1.5878731647506008      -0.11502439148926405        2.6405881061624767E-002
 -0.12266197506691387        2.4681920822887697        9.9507238005747969E-002
   2.2948288363602163E-002   9.8961762816357948E-002   2.2950627238914123     
   1.6634233145794184       0.23113389655072952       0.15843629777219703     
  0.23841713030593445        2.4295262680140262        4.4251218824506493E-002
  0.16162496802419035        4.5059731321743762E-002   2.2579971827960428     
   1.8518404356304394       0.12160615708215394       0.32811988142989756     
  0.12585793083746891        2.3414066108887219      -0.24462991804502165     
  0.32375519976408640      -0.23926098604378460        2.1576295369520899     
   2.2484454131384553       -7.7727395287446738E-002  -2.9422204551798697E-002
  -7.6968009291558698E-002   1.8769425017904808      -0.43073765034635875     
  -2.9461385571090577E-002 -0.43892046625102871        2.2253470866739029     
   2.3070607965270860      -0.18812338443142007      -0.31895847201817878     
 -0.19312659546230848        1.9956015802328189      -0.27181443315978931     
 -0.32463954754072660      -0.27435267257811585        2.0477994657309715     
   2.2568275295711651       -5.9097501244850907E-002   2.2196098087964650E-002
  -6.0205541941050329E-002   1.6018124231550033      -0.16370653805546770     
   2.1779423382978096E-002 -0.15600870718497842        2.4916521462841139     
   1.9677952155397165      -0.32743338474423589      -0.30841134205865028     
 -0.32295494763112204        2.0583339358473793       -8.7329369146880498E-002
 -0.30189696444423181       -8.4377991893496471E-002   2.3243791252403661     
   1.6792277538016869      -0.10975879092870783      -0.22673381217022257     
 -0.11540215839412543        2.3665733171801477      -0.17987635917903960     
 -0.22131953333684479      -0.17723809373158056        2.3045417035038902     
   2.2542949311031926      -0.19125741242578709      -0.18632972709252005     
 -0.19477914506469438        2.3775159675337392      -0.22166582558364961     
 -0.19001149812766027      -0.21524667733799768        1.7189196547280901     
   2.1035517887904689       -6.6257498685225708E-002 -0.32973492815861705     
  -6.2619324420556843E-002   2.4727978683337355        9.6380277406340920E-002
 -0.32634828426409013        8.9986024084311320E-002   1.7748073077768964     
   1.8682156931741716       0.14745819871284543      -0.37800585336665327     
  0.15286984194919762        2.3979598446212691       -5.2243476027045030E-002
 -0.38297480479968021       -5.5375692355521450E-002   2.0838412984501637     
   2.1311563688610917       0.43397616185265181       -5.9662774580927303E-003
  0.42699054146855397        1.9360552065295522      -0.15771356622813809     
  -4.5565725900991328E-003 -0.16160275675287575        2.2832155384394959     
   2.2055382061263096       0.28196854589608183       0.33116855031198622     
  0.27645996480003454        1.9920035834677385      -0.20328126718319442     
  0.32551392692343845      -0.20080811058911163        2.1526484192201387     
   2.4026553554740886       0.22819176979755740      -0.10506190251586006     
  0.23546191683260026        1.6363050621204529       -2.1086195684840492E-002
 -0.10655525713201652       -1.7389719681757124E-002   2.3116557107467131     
   2.4694665355330905        6.1355773056442992E-002  0.17280370859738195     
   6.6522669017286346E-002   1.9667014228556248      -0.33623401603589459     
  0.17885471147309839      -0.33806833716660650        1.9140866216813315     
   2.3409885537071986       0.13091463177613227       -3.6695731952096928E-003
  0.13372380440031234        2.3403144444859620      -0.27562639624232643     
   1.4546034035786606E-005 -0.26911277786024579        1.6694342363532506     
   1.8518300747864807       0.12162114325328446       0.32806891138683592     
  0.12589281425396950        2.3413839506851630      -0.24466530969002517     
  0.32370660396342232      -0.23930525675264086        2.1576394680143380     
   2.0429423419191366      -0.11091021051760810       0.38163394693514546     
 -0.11539782472624255        2.4265772849944156       -6.2374030493265745E-002
  0.38631995970800281       -6.7555991508945604E-002   1.8810235923076206     
   2.2671315301542734       0.11306505029760569       0.21069703788189698     
  0.11113041299526667        2.4513198953087034        4.2270064963172045E-002
  0.20655241074391023        3.5521638814079839E-002   1.6323207587288486     
   2.1875919926512637       0.30965141069253432      -0.13761995550493361     
  0.30393878351820958        2.1252113867209346       0.35001200121451881     
 -0.13671515339983484       0.35543884679025090        2.0377105081631974     
   1.8869976645331512       0.22326248630981957      -0.30565410469393983     
  0.22270921180632625        2.1237415449857480       0.20504764455436864     
 -0.31245063428093001       0.20981024619980299        2.3406020582577085     
   2.3451002373075340       0.19512046990952134        5.4325737403352087E-002
  0.20079378986725011        1.7586470401538463       0.31655723629244475     
   5.3684748488598388E-002  0.31036042151598786        2.2470991535697422     
   1.7722751492185189       0.31380791284844578       -2.0996383387360110E-002
  0.31458676034520688        2.0566409073708911        2.9161373108588448E-002
  -1.4467544585877963E-002   2.4749061628649295E-002   2.5223930469336189     
   1.6634104182792129       0.23121011789025667       0.15839349326515470     
  0.23850486557238271        2.4294662616116049        4.4235054612127150E-002
  0.16159615107644271        4.5030014668947398E-002   2.2580248957920688     
   1.8682271100844794       0.14749796022178724      -0.37798891248640998     
  0.15289018823936940        2.3979657700415018       -5.2189524246350844E-002
 -0.38296708589946343       -5.5348328734588281E-002   2.0838422101196983     
   1.6792460653214647      -0.10971823204930944      -0.22671021452190310     
 -0.11535077603395189        2.3666204859264184      -0.17986420961609428     
 -0.22129845512748914      -0.17722312242586441        2.3044934131543862     
   1.5878758587852921      -0.11497100628275439        2.6445954444607067E-002
 -0.12260582720694027        2.4681209231181889        9.9524933156820206E-002
   2.2978411364235035E-002   9.9010080112255358E-002   2.2951034029886550     
   2.1999479466077574      -0.21334453143273249       0.12948837279020470     
 -0.20916703899762043        2.1814278106813845       0.40125186920293748     
  0.12880687922909934       0.40841608635437987        1.9687802599285966     
   2.0383798794515471      -0.14471968875272656       0.40616071649134022     
 -0.14542014455002500        2.1644351852319694       0.21167323408951047     
  0.41352809429704568       0.21505250305388579        2.1477089816317374     
   1.7709459254209534      -0.26141505387086694       0.22041244803707288     
 -0.26070591646550634        2.1182758435494904        9.1678362718116635E-002
  0.21344644105883376        8.7979073047695810E-002   2.4607795229420972     
   2.2799497470229682      -0.16917841802809147       -2.8750934315931211E-002
 -0.17357274413144469        1.7971559377160382       0.37112828717760543     
  -2.8106104311818855E-002  0.36440510220204625        2.2732000089547526     
   2.1876268820309654       0.30960440695620495      -0.13758805524456147     
  0.30386537045565770        2.1251482269123052       0.35003415481348810     
 -0.13670763006427125       0.35544770857245167        2.0377331540495760     
   2.4322279095187014        8.7132329492637661E-002 -0.26631602352389899     
   8.4229308544316359E-002   2.1564651593471140       0.22708056657021297     
 -0.25903170862750030       0.22653832663932758        1.7621960582336307     
   2.5091644586257296       -6.4464267018941881E-002   9.0108078977441247E-002
  -6.1341794568463247E-002   2.1726270487202299       0.22497291466274136     
   8.2634496495406551E-002  0.22572220831645817        1.6684424710225656     
   2.3451290722881204       0.19507733968489188        5.4344338183606594E-002
  0.20072815596422125        1.7585781094190693       0.31656364123320441     
   5.3696272626682501E-002  0.31036020885299909        2.2471318685063544     
   2.1312574009297514       0.43392765248435961       -6.0070229547372136E-003
  0.42695596107795053        1.9360068133014039      -0.15764848782776011     
  -4.5974355252014730E-003 -0.16154109461066804        2.2831711460889430     
   1.7723218796066149       0.31370519265178504       -2.1056657215299479E-002
  0.31450189635133463        2.0566241120102582        2.9163688383461499E-002
  -1.4516241120421557E-002   2.4738410753402544E-002   2.5223395963113191     
   1.8870850961122798       0.22324113662779957      -0.30573785807799236     
  0.22270876911377188        2.1238361977716806       0.20498974211556309     
 -0.31252664031773753       0.20976200136367679        2.3404468821422348     
   2.4027321604195713       0.22816528593712132      -0.10509373000514896     
  0.23543709422462239        1.6362027346532102       -2.1058570791789633E-002
 -0.10661068916640376       -1.7376940995433326E-002   2.3116828773138920     
   2.2484461527612147       -7.7698347285621860E-002  -2.9404996199345196E-002
  -7.6942865592646903E-002   1.8768513058296143      -0.43069271721699065     
  -2.9433256437120303E-002 -0.43887475416536675        2.2254514324821848     
   2.4693987909623303        6.1337926285474187E-002  0.17277760261874747     
   6.6535912079323745E-002   1.9667008302526732      -0.33619330026187638     
  0.17883318045692212      -0.33803153629713045        1.9141527210467970     
   2.2054082592182098       0.28194118285676029       0.33116607752093957     
  0.27643857696594692        1.9920950481911248      -0.20325848208841274     
  0.32551412535475915      -0.20078509844273865        2.1527015357375525     
   2.2568653757131898       -5.9121404691969928E-002   2.2246754669333013E-002
  -6.0216437608307909E-002   1.6017153856324171      -0.16366641784870273     
   2.1830760889603285E-002 -0.15597618850306308        2.4917297125320417     
   2.0441546179238337      -0.47246952942520770        4.5546311814127993E-002
 -0.46427430596688973        2.0341088750860763       -4.3578887142469630E-002
   4.4056060404991063E-002  -4.5282230789659705E-002   2.2728002466241080     
   1.9678770117119022      -0.32742668071573972      -0.30835917915681554     
 -0.32293048476027958        2.0582974402039511       -8.7305170561747136E-002
 -0.30183529173271662       -8.4354951013977691E-002   2.3243356089472833     
   2.3071222814727577      -0.18811446114833641      -0.31888562520857477     
 -0.19312298986264914        1.9956457682144872      -0.27183262850947920     
 -0.32455860544898502      -0.27436159894197654        2.0477100678637683     
   2.3918232757790854      -0.31055444180227143        7.8401791695112188E-002
 -0.31822204412304383        1.6948448363367703        4.2325727627263471E-002
   7.9299978179376979E-002   4.4048580002861687E-002   2.2641480943111283     
