7.700999999999999623e+00
8.941000000000000725e+00
8.175000000000000711e+00
7.000000000000000000e+00
6.192999999999999616e+00
7.575999999999999623e+00
7.708999999999999631e+00
9.557000000000000384e+00
6.375000000000000000e+00
7.815999999999999837e+00
8.967000000000000526e+00
7.665000000000000036e+00
6.964999999999999858e+00
7.051999999999999602e+00
7.868999999999999773e+00
6.233999999999999986e+00
1.022700000000000031e+01
6.426999999999999602e+00
7.084999999999999964e+00
6.709999999999999964e+00
6.347999999999999865e+00
8.887000000000000455e+00
9.224999999999999645e+00
7.990000000000000213e+00
6.330000000000000071e+00
9.574999999999999289e+00
9.250999999999999446e+00
7.599000000000000199e+00
8.676999999999999602e+00
6.282000000000000028e+00
5.809999999999999609e+00
7.700000000000000178e+00
7.762999999999999901e+00
8.324999999999999289e+00
8.175000000000000711e+00
7.814000000000000057e+00
9.852000000000000313e+00
8.464999999999999858e+00
1.034500000000000064e+01
8.159000000000000696e+00
1.013899999999999935e+01
8.172000000000000597e+00
6.671999999999999709e+00
7.163000000000000256e+00
1.024799999999999933e+01
8.683999999999999275e+00
8.614000000000000767e+00
5.354000000000000092e+00
9.275999999999999801e+00
9.323000000000000398e+00
9.025000000000000355e+00
7.950999999999999623e+00
7.126000000000000334e+00
6.113999999999999879e+00
7.599999999999999645e+00
7.708999999999999631e+00
4.706000000000000405e+00
6.641000000000000014e+00
6.589000000000000412e+00
6.283999999999999808e+00
7.014999999999999680e+00
9.012999999999999901e+00
6.517000000000000348e+00
7.387999999999999901e+00
6.993000000000000327e+00
8.051000000000000156e+00
8.487000000000000099e+00
8.548000000000000043e+00
8.710000000000000853e+00
8.335000000000000853e+00
1.034900000000000020e+01
1.066900000000000048e+01
7.530999999999999694e+00
7.187000000000000277e+00
8.785999999999999588e+00
6.902999999999999581e+00
8.272000000000000242e+00
9.714000000000000412e+00
8.262999999999999901e+00
1.069999999999999929e+01
5.958999999999999631e+00
8.182999999999999829e+00
7.730000000000000426e+00
9.282000000000000028e+00
6.735000000000000320e+00
7.887999999999999901e+00
9.031000000000000583e+00
1.043599999999999994e+01
9.051999999999999602e+00
8.539999999999999147e+00
8.138999999999999346e+00
9.038000000000000256e+00
1.037500000000000000e+01
7.815000000000000391e+00
8.259000000000000341e+00
6.689000000000000057e+00
6.222999999999999865e+00
1.025799999999999912e+01
7.689000000000000057e+00
7.589999999999999858e+00
6.847000000000000419e+00
6.698000000000000398e+00
8.182000000000000384e+00
7.209999999999999964e+00
9.407000000000000028e+00
8.810000000000000497e+00
7.950999999999999623e+00
7.927999999999999936e+00
7.650000000000000355e+00
7.129999999999999893e+00
7.243999999999999773e+00
8.426999999999999602e+00
9.057000000000000384e+00
6.365999999999999659e+00
8.929999999999999716e+00
7.802999999999999936e+00
6.967999999999999972e+00
8.942000000000000171e+00
8.721000000000000085e+00
7.112000000000000099e+00
6.153999999999999915e+00
8.224000000000000199e+00
6.442999999999999616e+00
8.833000000000000185e+00
6.363999999999999879e+00
