7.697164675969671244e+00
8.600536730172867905e+00
8.158657936666312338e+00
6.675077362562402250e+00
6.631195640357876897e+00
7.817113445973820518e+00
7.829884807502206279e+00
9.020687002795591880e+00
6.514969945223167080e+00
8.030027385867700929e+00
8.810894568058388998e+00
7.865198218754051673e+00
7.063213386354401990e+00
7.231649922975525335e+00
8.074108320832529273e+00
6.504071272960039174e+00
9.843478587187535211e+00
6.678270820386327244e+00
7.227345358546922505e+00
6.893546615255520038e+00
6.633823061432838841e+00
8.220458602728406561e+00
9.088635814816548475e+00
8.335130849212116999e+00
6.769847627140390678e+00
8.680068168378783255e+00
8.803319859602710906e+00
7.339367934851416919e+00
8.048858389770515487e+00
6.651736417892810671e+00
6.140809153239000118e+00
7.861033914424692348e+00
7.970193410681313928e+00
8.031587800035330460e+00
7.942355977116254628e+00
7.390439137920814971e+00
9.534810899768986658e+00
8.243382553174651406e+00
9.579050258903066606e+00
7.988949882398650892e+00
9.495715423172532255e+00
7.904776591825858567e+00
6.778159001390289262e+00
6.979842785251428872e+00
9.621123451539000726e+00
8.430333400409944389e+00
8.192327896954580524e+00
6.055177772464031882e+00
8.954494924245443244e+00
8.824012380765804409e+00
8.652425965066596447e+00
8.139879318280195619e+00
7.273767338833553531e+00
6.527289234973321363e+00
7.644521500121296498e+00
7.561685570976880655e+00
5.578433469447172222e+00
6.330797419118794345e+00
6.976229725703286810e+00
6.868288919545406657e+00
7.372408597348926840e+00
8.706357355463525849e+00
6.886074881673576620e+00
7.426664986925935352e+00
7.218613172132900324e+00
8.122810019590398056e+00
8.390709375167800133e+00
8.338268965841011848e+00
8.602798004144897703e+00
8.040766029299909690e+00
9.986101447203278525e+00
9.990140385196843553e+00
7.252953019174974258e+00
7.426935881445136722e+00
7.982985291787261239e+00
7.181927101274166780e+00
8.087882855255228876e+00
9.480301879421906719e+00
8.099544675251699744e+00
1.002018728093262290e+01
6.543775793715739475e+00
7.619872007827715343e+00
7.469550963972097612e+00
8.734421194765465302e+00
7.324033379811971223e+00
7.623465726248578100e+00
8.846889532524864208e+00
9.754251973197979098e+00
8.738958930688516702e+00
8.596070974776729656e+00
7.957576727853705734e+00
8.874310942280439818e+00
9.974695968331923623e+00
8.030825129798152773e+00
8.326264497709543022e+00
6.768807592115976490e+00
6.450535845317818762e+00
9.856358879972086484e+00
7.626815659569345485e+00
7.891128401614742494e+00
6.928892387930790875e+00
7.095050453203799457e+00
8.316970294339450120e+00
7.584564198787904665e+00
8.559745894063189198e+00
8.641515525793538544e+00
7.647199772198646883e+00
8.148137470196383347e+00
7.552593249371780892e+00
7.321859075173236420e+00
7.059744518102608168e+00
8.320731858044561946e+00
8.863165047920109174e+00
6.990542606394065217e+00
8.634284707952836868e+00
7.672137717109923649e+00
7.164730004607542391e+00
8.411751236200146309e+00
8.777481989015436525e+00
7.119492433086200833e+00
6.652132755771842376e+00
7.938355019360329834e+00
6.843089585847821787e+00
8.493019254153507447e+00
6.955629191565706471e+00
