-0.17893845
-0.17898489
-0.17912442
-0.17935765
-0.17968563
-0.18010979
-0.18063196
-0.18125438
-0.18197964
-0.18281067
-0.18375075
-0.18480342
-0.18597244
-0.18726175
-0.18867534
-0.19021713
-0.19189088
-0.19370000
-0.19564749
-0.19773577
-0.19996636
-0.20233950
-0.20485352
-0.20750425
-0.21028397
-0.21318050
-0.21617615
-0.21924681
-0.22236146
-0.22548214
-0.22856466
-0.23156052
-0.23442047
-0.23709993
-0.23956561
-0.24180080
-0.24380635
-0.24559577
-0.24718630
-0.24859028
-0.24981021
-0.25083869
-0.25166185
-0.25226388
-0.25263113
-0.25275458
-0.25263113
-0.25226388
-0.25166184
-0.25083869
-0.24981020
-0.24859027
-0.24718630
-0.24559577
-0.24380636
-0.24180081
-0.23956563
-0.23709996
-0.23442050
-0.23156055
-0.22856469
-0.22548217
-0.22236149
-0.21924684
-0.21617617
-0.21318052
-0.21028399
-0.20750426
-0.20485354
-0.20233951
-0.19996638
-0.19773578
-0.19564750
-0.19370001
-0.19189089
-0.19021714
-0.18867534
-0.18726175
-0.18597245
-0.18480342
-0.18375075
-0.18281067
-0.18197964
-0.18125438
-0.18063197
-0.18010979
-0.17968563
-0.17935765
-0.17912442
-0.17898489
-0.17893845
