-0.54535410
-0.54535411
-0.54535406
-0.54535406
-0.54535390
-0.54535359
-0.54535315
-0.54535264
-0.54535212
-0.54535164
-0.54535119
-0.54535082
-0.54535057
-0.54535046
-0.54535049
-0.54535066
-0.54535099
-0.54535145
-0.54535206
-0.54535280
-0.54535365
-0.54535455
-0.54535549
-0.54535644
-0.54535738
-0.54535823
-0.54535894
-0.54535947
-0.54535985
-0.54536025
-0.54536056
-0.54536088
-0.54536111
-0.54536135
-0.54536143
-0.54536131
-0.54536103
-0.54536065
-0.54536022
-0.54535979
-0.54535936
-0.54535894
-0.54535861
-0.54535836
-0.54535821
-0.54535816
-0.54535821
-0.54535836
-0.54535861
-0.54535894
-0.54535936
-0.54535979
-0.54536022
-0.54536065
-0.54536103
-0.54536131
-0.54536143
-0.54536135
-0.54536111
-0.54536088
-0.54536056
-0.54536025
-0.54535985
-0.54535947
-0.54535894
-0.54535823
-0.54535738
-0.54535644
-0.54535549
-0.54535455
-0.54535365
-0.54535280
-0.54535206
-0.54535145
-0.54535099
-0.54535066
-0.54535049
-0.54535046
-0.54535057
-0.54535082
-0.54535119
-0.54535164
-0.54535212
-0.54535264
-0.54535315
-0.54535359
-0.54535390
-0.54535406
-0.54535406
-0.54535411
-0.54535410
