-0.47267837
-0.47271738
-0.47283461
-0.47303064
-0.47330635
-0.47366257
-0.47410092
-0.47462253
-0.47522861
-0.47592014
-0.47669841
-0.47756565
-0.47852452
-0.47957678
-0.48072366
-0.48196519
-0.48330022
-0.48472926
-0.48625302
-0.48787488
-0.48959122
-0.49140308
-0.49330471
-0.49529394
-0.49736537
-0.49951323
-0.50173147
-0.50401134
-0.50634118
-0.50870540
-0.51108625
-0.51346426
-0.51581724
-0.51812107
-0.52035026
-0.52247813
-0.52447992
-0.52633019
-0.52800527
-0.52948387
-0.53074895
-0.53178922
-0.53259898
-0.53317620
-0.53352151
-0.53363638
-0.53352151
-0.53317620
-0.53259899
-0.53178924
-0.53074897
-0.52948390
-0.52800530
-0.52633023
-0.52447995
-0.52247816
-0.52035030
-0.51812110
-0.51581727
-0.51346430
-0.51108628
-0.50870543
-0.50634121
-0.50401136
-0.50173149
-0.49951326
-0.49736539
-0.49529396
-0.49330472
-0.49140310
-0.48959124
-0.48787490
-0.48625303
-0.48472927
-0.48330023
-0.48196520
-0.48072366
-0.47957679
-0.47852453
-0.47756566
-0.47669842
-0.47592014
-0.47522861
-0.47462254
-0.47410092
-0.47366258
-0.47330635
-0.47303064
-0.47283461
-0.47271738
-0.47267837
