-0.47267837
-0.47267832
-0.47267816
-0.47267791
-0.47267758
-0.47267717
-0.47267671
-0.47267622
-0.47267572
-0.47267523
-0.47267477
-0.47267436
-0.47267402
-0.47267377
-0.47267362
-0.47267356
-0.47267362
-0.47267377
-0.47267402
-0.47267436
-0.47267477
-0.47267523
-0.47267572
-0.47267622
-0.47267671
-0.47267717
-0.47267758
-0.47267791
-0.47267816
-0.47267832
-0.47267837
-0.47267832
-0.47267816
-0.47267791
-0.47267758
-0.47267717
-0.47267671
-0.47267622
-0.47267572
-0.47267523
-0.47267477
-0.47267436
-0.47267402
-0.47267377
-0.47267362
-0.47267356
-0.47267362
-0.47267377
-0.47267402
-0.47267436
-0.47267477
-0.47267523
-0.47267572
-0.47267622
-0.47267671
-0.47267717
-0.47267758
-0.47267791
-0.47267816
-0.47267832
-0.47267837
-0.47267832
-0.47267816
-0.47267791
-0.47267758
-0.47267717
-0.47267671
-0.47267622
-0.47267572
-0.47267523
-0.47267477
-0.47267436
-0.47267402
-0.47267377
-0.47267362
-0.47267356
-0.47267362
-0.47267377
-0.47267402
-0.47267436
-0.47267477
-0.47267523
-0.47267572
-0.47267622
-0.47267671
-0.47267717
-0.47267758
-0.47267791
-0.47267816
-0.47267832
-0.47267837
