-0.54569249
-0.54569275
-0.54569351
-0.54569474
-0.54569639
-0.54569841
-0.54570070
-0.54570319
-0.54570576
-0.54570831
-0.54571074
-0.54571293
-0.54571480
-0.54571627
-0.54571728
-0.54571779
-0.54571779
-0.54571730
-0.54571633
-0.54571496
-0.54571326
-0.54571133
-0.54570925
-0.54570714
-0.54570510
-0.54570324
-0.54570164
-0.54570038
-0.54569953
-0.54569913
-0.54569920
-0.54569977
-0.54570081
-0.54570229
-0.54570417
-0.54570638
-0.54570884
-0.54571145
-0.54571411
-0.54571670
-0.54571913
-0.54572128
-0.54572306
-0.54572439
-0.54572521
-0.54572549
-0.54572521
-0.54572439
-0.54572306
-0.54572128
-0.54571913
-0.54571670
-0.54571411
-0.54571145
-0.54570884
-0.54570638
-0.54570417
-0.54570229
-0.54570081
-0.54569977
-0.54569920
-0.54569913
-0.54569953
-0.54570038
-0.54570164
-0.54570324
-0.54570510
-0.54570714
-0.54570925
-0.54571133
-0.54571326
-0.54571496
-0.54571633
-0.54571730
-0.54571779
-0.54571779
-0.54571728
-0.54571627
-0.54571480
-0.54571293
-0.54571074
-0.54570831
-0.54570576
-0.54570319
-0.54570070
-0.54569841
-0.54569639
-0.54569474
-0.54569351
-0.54569275
-0.54569249
