-0.54535410
-0.54533848
-0.54529502
-0.54523398
-0.54516755
-0.54510447
-0.54505795
-0.54504262
-0.54506786
-0.54513881
-0.54524254
-0.54536349
-0.54548369
-0.54558742
-0.54565780
-0.54568044
-0.54564601
-0.54556404
-0.54544874
-0.54531719
-0.54518576
-0.54507282
-0.54499387
-0.54496159
-0.54497031
-0.54501012
-0.54506611
-0.54512524
-0.54517890
-0.54521503
-0.54522339
-0.54520050
-0.54514977
-0.54508166
-0.54500881
-0.54494043
-0.54488995
-0.54487227
-0.54489684
-0.54496854
-0.54507429
-0.54519839
-0.54532267
-0.54543116
-0.54550715
-0.54553656
-0.54550971
-0.54543668
-0.54533154
-0.54521111
-0.54509157
-0.54499103
-0.54492484
-0.54490559
-0.54492784
-0.54498166
-0.54505208
-0.54512592
-0.54519416
-0.54524430
-0.54526607
-0.54525616
-0.54521808
-0.54516222
-0.54510075
-0.54504239
-0.54500029
-0.54498928
-0.54501920
-0.54509545
-0.54520524
-0.54533312
-0.54546081
-0.54557205
-0.54564983
-0.54568002
-0.54565301
-0.54557833
-0.54547025
-0.54534571
-0.54522069
-0.54511341
-0.54503953
-0.54501202
-0.54502571
-0.54507106
-0.54513328
-0.54519914
-0.54525985
-0.54530313
-0.54531870
