-0.24556039
-0.24578771
-0.24646841
-0.24759302
-0.24912732
-0.25099011
-0.25304023
-0.25509260
-0.25696286
-0.25850984
-0.25965352
-0.26038109
-0.26075007
-0.26087287
-0.26087761
-0.26086312
-0.26086576
-0.26084770
-0.26070905
-0.26032126
-0.25957252
-0.25840689
-0.25683933
-0.25495208
-0.25288805
-0.25083225
-0.24896889
-0.24743744
-0.24631756
-0.24564256
-0.24542157
-0.24565571
-0.24634345
-0.24747450
-0.24901318
-0.25087643
-0.25292230
-0.25496740
-0.25683133
-0.25837636
-0.25952254
-0.26025408
-0.26062559
-0.26074941
-0.26075623
-0.26074749
-0.26076015
-0.26075436
-0.26062696
-0.26024741
-0.25950523
-0.25834817
-0.25679381
-0.25492336
-0.25287584
-0.25083252
-0.24897635
-0.24744770
-0.24632776
-0.24565097
-0.24542697
-0.24565715
-0.24634035
-0.24746735
-0.24900441
-0.25087112
-0.25292722
-0.25498837
-0.25687037
-0.25843157
-0.25959061
-0.26033277
-0.26071400
-0.26084629
-0.26085862
-0.26085122
-0.26086183
-0.26085342
-0.26072623
-0.26035137
-0.25961655
-0.25846522
-0.25691148
-0.25503608
-0.25298020
-0.25092779
-0.24906351
-0.24752821
-0.24640296
-0.24572189
-0.24549444
