-0.17893845
-0.17893840
-0.17893824
-0.17893799
-0.17893765
-0.17893725
-0.17893679
-0.17893629
-0.17893579
-0.17893529
-0.17893483
-0.17893443
-0.17893409
-0.17893384
-0.17893368
-0.17893363
-0.17893368
-0.17893384
-0.17893409
-0.17893443
-0.17893483
-0.17893529
-0.17893579
-0.17893629
-0.17893679
-0.17893725
-0.17893765
-0.17893799
-0.17893824
-0.17893840
-0.17893845
-0.17893840
-0.17893824
-0.17893799
-0.17893765
-0.17893725
-0.17893679
-0.17893629
-0.17893579
-0.17893529
-0.17893483
-0.17893443
-0.17893409
-0.17893384
-0.17893368
-0.17893363
-0.17893368
-0.17893384
-0.17893409
-0.17893443
-0.17893483
-0.17893529
-0.17893579
-0.17893629
-0.17893679
-0.17893725
-0.17893765
-0.17893799
-0.17893824
-0.17893840
-0.17893845
-0.17893840
-0.17893824
-0.17893799
-0.17893765
-0.17893725
-0.17893679
-0.17893629
-0.17893579
-0.17893529
-0.17893483
-0.17893443
-0.17893409
-0.17893384
-0.17893368
-0.17893363
-0.17893368
-0.17893384
-0.17893409
-0.17893443
-0.17893483
-0.17893529
-0.17893579
-0.17893629
-0.17893679
-0.17893725
-0.17893765
-0.17893799
-0.17893824
-0.17893840
-0.17893845
