-0.24556039
-0.24556091
-0.24556246
-0.24556497
-0.24556834
-0.24557243
-0.24557707
-0.24558206
-0.24558719
-0.24559225
-0.24559702
-0.24560130
-0.24560491
-0.24560769
-0.24560954
-0.24561038
-0.24561019
-0.24560900
-0.24560686
-0.24560390
-0.24560026
-0.24559612
-0.24559168
-0.24558715
-0.24558275
-0.24557869
-0.24557516
-0.24557232
-0.24557033
-0.24556927
-0.24556920
-0.24557016
-0.24557211
-0.24557499
-0.24557869
-0.24558307
-0.24558794
-0.24559313
-0.24559840
-0.24560354
-0.24560834
-0.24561258
-0.24561609
-0.24561871
-0.24562033
-0.24562088
-0.24562033
-0.24561871
-0.24561609
-0.24561258
-0.24560834
-0.24560354
-0.24559840
-0.24559313
-0.24558794
-0.24558307
-0.24557869
-0.24557499
-0.24557211
-0.24557016
-0.24556920
-0.24556927
-0.24557033
-0.24557232
-0.24557516
-0.24557869
-0.24558275
-0.24558715
-0.24559168
-0.24559612
-0.24560026
-0.24560390
-0.24560686
-0.24560900
-0.24561019
-0.24561038
-0.24560954
-0.24560769
-0.24560491
-0.24560130
-0.24559702
-0.24559225
-0.24558719
-0.24558206
-0.24557707
-0.24557243
-0.24556834
-0.24556497
-0.24556246
-0.24556091
-0.24556039
