-0.54569249
-0.54567867
-0.54563805
-0.54557417
-0.54549530
-0.54541591
-0.54535537
-0.54533308
-0.54536180
-0.54544253
-0.54556336
-0.54570327
-0.54583840
-0.54594779
-0.54601656
-0.54603644
-0.54600484
-0.54592431
-0.54580325
-0.54565686
-0.54550652
-0.54537642
-0.54528764
-0.54525178
-0.54526736
-0.54532115
-0.54539347
-0.54546495
-0.54552129
-0.54555440
-0.54556081
-0.54553969
-0.54549189
-0.54542108
-0.54533584
-0.54525104
-0.54518648
-0.54516182
-0.54518985
-0.54527137
-0.54539423
-0.54553720
-0.54567629
-0.54579053
-0.54586504
-0.54589164
-0.54586782
-0.54579626
-0.54568535
-0.54555015
-0.54541178
-0.54529415
-0.54521820
-0.54519556
-0.54522486
-0.54529290
-0.54537988
-0.54546611
-0.54553696
-0.54558414
-0.54560413
-0.54559616
-0.54556111
-0.54550250
-0.54542856
-0.54535376
-0.54529760
-0.54527972
-0.54531322
-0.54539935
-0.54552635
-0.54567310
-0.54581554
-0.54593242
-0.54600869
-0.54603599
-0.54601176
-0.54593858
-0.54582476
-0.54568529
-0.54554131
-0.54541688
-0.54533319
-0.54530217
-0.54532280
-0.54538217
-0.54546073
-0.54553900
-0.54560246
-0.54564281
-0.54565655
