-1049.68631239
-1857.96326832
-2470.87125298
-2879.11792706
-3126.59663993
-3302.02224531
-3400.68969412
-3457.44755496
-3489.36732931
-3505.66896885
-3513.67039160
-3517.55977805
-3517.93549054
-3517.31049331
-3515.94585500
-3514.90664014
-3513.93916068
-3513.10939730
-3512.45637730
-3511.90433209
-3511.43019032
-3511.03387371
-3510.71137696
-3510.45402201
-3510.22038752
-3510.01142147
-3509.83441590
-3509.68888373
-3509.57714343
-3509.47558465
-3509.38239252
-3509.27452826
-3509.20195194
-3509.15122853
-3509.09260734
-3509.02637391
