-1034.02516254
-1843.11429946
-2456.63025461
-2865.43884490
-3113.69503968
-3290.19113245
-3389.90345746
-3447.46330479
-3480.07508635
-3497.42295704
-3506.94452531
-3512.01079569
-3512.38785175
-3510.93986369
-3508.64401874
-3506.80097540
-3505.27845765
-3504.03334878
-3503.03786840
-3502.22957573
-3501.57996396
-3501.05497360
-3500.62824785
-3500.27772287
-3499.97600990
-3499.70869623
-3499.47637021
-3499.28978924
-3499.13869261
-3499.01322907
-3498.89171919
-3498.77308969
-3498.68734164
-3498.62739900
-3498.55724648
-3498.48743133
