-44.23141510
-44.23699030
-44.24210845
-44.24677832
-44.25101604
-44.25484680
-44.25830695
-44.26144626
-44.26433043
-44.26704384
-44.26962735
-44.27194626
-44.27403780
-44.27597064
-44.27783082
-44.27972427
-44.28177960
-44.28414941
-44.28663593
-44.28901611
-44.29129669
-44.29348360
-44.29558191
-44.29759608
-44.29952977
-44.30138607
-44.30316744
-44.30487575
-44.30651239
-44.30807834
-44.30957414
-44.31099989
-44.31235539
-44.31364017
-44.31485353
-44.31599463
-44.31706250
-44.31805608
-44.31897436
-44.31981622
-44.32058044
-44.32126584
-44.32187124
-44.32239559
-44.32283784
-44.32319704
-44.32347218
-44.32366233
-44.32374523
-44.32376424
-44.32369521
-44.32353712
-44.32328890
-44.32294935
-44.32251719
-44.32199096
-44.32136901
-44.32064964
-44.31983107
-44.31891138
-44.31788848
-44.31676011
-44.31552381
-44.31417697
-44.31271687
-44.31114060
-44.30944528
-44.30762798
-44.30568572
-44.30361543
-44.30141416
-44.29906878
-44.29659787
-44.29398768
-44.29123581
-44.28834010
-44.28529877
-44.28211041
-44.27877403
-44.27528900
-44.27165525
-44.26787321
-44.26394392
-44.25986905
-44.25565083
-44.25129220
-44.24679682
-44.24216908
-44.23741411
-44.23253776
-44.22754669
-44.22244824
-44.21725050
-44.21196230
-44.20659318
-44.20115339
-44.19565379
-44.19010586
-44.18452162
-44.17891364
-44.17329500
