-42.75089977
-42.76011265
-42.76902280
-42.77762658
-42.78592126
-42.79390613
-42.80158398
-42.80896279
-42.81605768
-42.82289326
-42.82948202
-42.83576903
-42.84175721
-42.84746328
-42.85291402
-42.85814868
-42.86322172
-42.86820494
-42.87303988
-42.87764495
-42.88202321
-42.88617763
-42.89011110
-42.89382655
-42.89732694
-42.90061539
-42.90369517
-42.90656977
-42.90924293
-42.91171874
-42.91400156
-42.91609614
-42.91800758
-42.91974137
-42.92130338
-42.92269986
-42.92393739
-42.92502293
-42.92596370
-42.92676725
-42.92744130
-42.92799381
-42.92843287
-42.92876661
-42.92900327
-42.92915099
-42.92921788
-42.92921187
-42.92912469
-42.92899704
-42.92881890
-42.92859716
-42.92833830
-42.92804840
-42.92773306
-42.92739745
-42.92704621
-42.92668351
-42.92631298
-42.92593778
-42.92556052
-42.92518339
-42.92480804
-42.92443573
-42.92406730
-42.92370317
-42.92334344
-42.92298787
-42.92263600
-42.92228705
-42.92194011
-42.92160544
-42.92125804
-42.92090914
-42.92055735
-42.92020131
-42.91983963
-42.91947096
-42.91909398
-42.91870751
-42.91831035
-42.91790147
-42.91747994
-42.91704488
-42.91659562
-42.91613155
-42.91565217
-42.91515717
-42.91464630
-42.91411949
-42.91357677
-42.91301838
-42.91244462
-42.91185603
-42.91125329
-42.91063730
-42.91000916
-42.90937022
-42.90872208
-42.90806661
-42.90740606
