-0.47922932
-0.47920310
-0.47923144
-0.47931425
-0.47945112
-0.47964087
-0.47988181
-0.48017204
-0.48050929
-0.48089093
-0.48131444
-0.48177744
-0.48227731
-0.48281117
-0.48337613
-0.48396753
-0.48458166
-0.48521365
-0.48585828
-0.48650997
-0.48716315
-0.48781290
-0.48845484
-0.48908495
-0.48970029
-0.49029813
-0.49087615
-0.49143194
-0.49196270
-0.49246478
-0.49293375
-0.49336341
-0.49374738
-0.49407856
-0.49435063
-0.49455802
-0.49469649
-0.49476405
-0.49476058
-0.49468783
-0.49454917
-0.49434941
-0.49409399
-0.49378841
-0.49343837
-0.49304946
-0.49262712
-0.49217675
-0.49170394
-0.49121473
-0.49071547
-0.49021265
-0.48971250
-0.48922095
-0.48874251
-0.48828072
-0.48783759
-0.48741413
-0.48701001
-0.48662419
-0.48625522
-0.48590150
-0.48556140
-0.48523376
-0.48491759
-0.48461258
-0.48431914
-0.48403812
-0.48376989
-0.48351473
-0.48327178
-0.48303997
-0.48281786
-0.48260339
-0.48239536
-0.48219283
-0.48199596
-0.48180512
-0.48162267
-0.48145125
-0.48129481
-0.48115818
-0.48104713
-0.48096768
-0.48092611
-0.48092869
-0.48098050
-0.48108628
-0.48124912
-0.48147091
-0.48175207
-0.48209192
-0.48248856
-0.48293964
-0.48344238
-0.48399420
-0.48459115
-0.48523050
-0.48590790
-0.48661858
-0.48735771
-0.48812133
-0.48890552
-0.48970664
-0.49052119
-0.49134691
-0.49218047
-0.49301811
-0.49385498
-0.49468536
-0.49550298
-0.49630233
-0.49707757
-0.49782461
-0.49854133
-0.49922743
-0.49988406
-0.50051306
-0.50111574
-0.50169210
-0.50223969
-0.50275350
-0.50322623
-0.50364946
-0.50401504
-0.50431672
-0.50455072
-0.50471617
-0.50481456
-0.50484898
-0.50482315
-0.50474101
-0.50460616
-0.50442131
-0.50418917
-0.50391199
-0.50359341
-0.50323665
-0.50284521
-0.50242218
-0.50196950
-0.50148825
-0.50097783
-0.50043743
-0.49986618
-0.49926387
-0.49863128
-0.49797110
-0.49728703
-0.49658317
-0.49586365
-0.49513210
-0.49439167
-0.49364512
-0.49289513
-0.49214465
-0.49139680
-0.49065501
-0.48992203
-0.48920033
-0.48849110
-0.48779495
-0.48711173
-0.48644154
-0.48578448
-0.48514152
-0.48451414
-0.48390504
-0.48331804
-0.48275706
-0.48222610
-0.48172907
-0.48126957
-0.48085061
-0.48047483
-0.48014480
-0.47986151
-0.47962688
-0.47944240
-0.47930933
-0.47922932
