-0.21490243
-0.21489973
-0.21489179
-0.21487867
-0.21486041
-0.21483710
-0.21480885
-0.21477575
-0.21473792
-0.21469548
-0.21464853
-0.21459721
-0.21454163
-0.21448193
-0.21441826
-0.21435083
-0.21427988
-0.21420572
-0.21412875
-0.21404945
-0.21396837
-0.21388619
-0.21380364
-0.21372152
-0.21364068
-0.21356201
-0.21348637
-0.21341463
-0.21334761
-0.21328608
-0.21323074
-0.21318221
-0.21314103
-0.21310770
-0.21308259
-0.21306604
-0.21305833
-0.21305968
-0.21307024
-0.21309016
-0.21311954
-0.21315845
-0.21320696
-0.21326512
-0.21333300
-0.21341067
-0.21349823
-0.21359581
-0.21370358
-0.21382179
-0.21395070
-0.21409067
-0.21424206
-0.21440524
-0.21458052
-0.21476809
-0.21496788
-0.21517944
-0.21540179
-0.21563323
-0.21587121
-0.21611219
-0.21635163
-0.21658416
-0.21680392
-0.21700514
-0.21718286
-0.21733369
-0.21745635
-0.21755193
-0.21762358
-0.21767600
-0.21771458
-0.21774465
-0.21777088
-0.21779689
-0.21782513
-0.21785696
-0.21789277
-0.21793221
-0.21797442
-0.21801818
-0.21806210
-0.21810477
-0.21814480
-0.21818091
-0.21821200
-0.21823715
-0.21825562
-0.21826689
-0.21827065
-0.21826679
-0.21825541
-0.21823682
-0.21821156
-0.21818034
-0.21814409
-0.21810391
-0.21806107
-0.21801696
-0.21797300
-0.21793057
-0.21789090
-0.21785488
-0.21782286
-0.21779449
-0.21776845
-0.21774231
-0.21771250
-0.21767437
-0.21762261
-0.21755181
-0.21745724
-0.21733567
-0.21718595
-0.21700927
-0.21680896
-0.21658993
-0.21635793
-0.21611883
-0.21587800
-0.21564002
-0.21540844
-0.21518587
-0.21497401
-0.21477387
-0.21458592
-0.21441025
-0.21424667
-0.21409489
-0.21395455
-0.21382528
-0.21370675
-0.21359868
-0.21350083
-0.21341303
-0.21333516
-0.21326710
-0.21320879
-0.21316016
-0.21312116
-0.21309172
-0.21307176
-0.21306118
-0.21305983
-0.21306756
-0.21308413
-0.21310927
-0.21314266
-0.21318389
-0.21323249
-0.21328790
-0.21334951
-0.21341660
-0.21348841
-0.21356411
-0.21364285
-0.21372374
-0.21380590
-0.21388848
-0.21397068
-0.21405175
-0.21413104
-0.21420798
-0.21428208
-0.21435296
-0.21442030
-0.21448386
-0.21454345
-0.21459890
-0.21465008
-0.21469688
-0.21473917
-0.21477685
-0.21480979
-0.21483789
-0.21486104
-0.21487914
-0.21489211
-0.21489988
-0.21490243
