-0.21490243
-0.21486739
-0.21489474
-0.21498420
-0.21513510
-0.21534626
-0.21561597
-0.21594188
-0.21632092
-0.21674934
-0.21722276
-0.21773648
-0.21828588
-0.21886685
-0.21947615
-0.22011157
-0.22077176
-0.22145582
-0.22216271
-0.22289075
-0.22363726
-0.22439854
-0.22516997
-0.22594632
-0.22672206
-0.22749150
-0.22824892
-0.22898850
-0.22970420
-0.23038960
-0.23103786
-0.23164159
-0.23219301
-0.23268410
-0.23310701
-0.23345452
-0.23372067
-0.23390126
-0.23399417
-0.23399939
-0.23391860
-0.23375450
-0.23351021
-0.23318875
-0.23279307
-0.23232651
-0.23179349
-0.23120021
-0.23055515
-0.22986897
-0.22915403
-0.22842350
-0.22769042
-0.22696678
-0.22626289
-0.22558700
-0.22494516
-0.22434138
-0.22377782
-0.22325515
-0.22277287
-0.22232960
-0.22192330
-0.22155144
-0.22121100
-0.22089852
-0.22061004
-0.22034110
-0.22008681
-0.21984205
-0.21960176
-0.21936139
-0.21911719
-0.21886636
-0.21860687
-0.21833696
-0.21805476
-0.21775820
-0.21744581
-0.21711817
-0.21677942
-0.21643813
-0.21610680
-0.21580024
-0.21553353
-0.21532030
-0.21517168
-0.21509596
-0.21509870
-0.21518302
-0.21535001
-0.21559918
-0.21592879
-0.21633623
-0.21681816
-0.21737058
-0.21798881
-0.21866738
-0.21940003
-0.22017983
-0.22099955
-0.22185227
-0.22273204
-0.22363433
-0.22455600
-0.22549441
-0.22644561
-0.22740178
-0.22834908
-0.22926792
-0.23013774
-0.23094618
-0.23169740
-0.23241225
-0.23311839
-0.23383742
-0.23457706
-0.23533095
-0.23608348
-0.23681583
-0.23751047
-0.23815302
-0.23873201
-0.23923812
-0.23966386
-0.24000409
-0.24025682
-0.24042370
-0.24050990
-0.24052328
-0.24047322
-0.24036924
-0.24021984
-0.24003170
-0.23980934
-0.23955532
-0.23927063
-0.23895539
-0.23860931
-0.23823214
-0.23782378
-0.23738446
-0.23691498
-0.23641714
-0.23589440
-0.23535260
-0.23480021
-0.23424777
-0.23370617
-0.23318357
-0.23268132
-0.23219003
-0.23168832
-0.23114706
-0.23053964
-0.22985323
-0.22909356
-0.22828035
-0.22743796
-0.22658751
-0.22574342
-0.22491372
-0.22410194
-0.22330934
-0.22253657
-0.22178462
-0.22105522
-0.22035073
-0.21967399
-0.21902811
-0.21841637
-0.21784221
-0.21730911
-0.21682060
-0.21638013
-0.21599095
-0.21565599
-0.21537782
-0.21515851
-0.21499968
-0.21490243
