-0.47922932
-0.47922691
-0.47922090
-0.47921104
-0.47919745
-0.47918035
-0.47915997
-0.47913662
-0.47911060
-0.47908227
-0.47905198
-0.47902013
-0.47898701
-0.47895299
-0.47891837
-0.47888342
-0.47884826
-0.47881342
-0.47877893
-0.47874484
-0.47871128
-0.47867833
-0.47864608
-0.47861455
-0.47858383
-0.47855410
-0.47852547
-0.47849787
-0.47847199
-0.47844785
-0.47842574
-0.47840595
-0.47838880
-0.47837463
-0.47836382
-0.47835673
-0.47835374
-0.47835522
-0.47836151
-0.47837297
-0.47838992
-0.47841270
-0.47844157
-0.47847674
-0.47851845
-0.47856689
-0.47862230
-0.47868504
-0.47875555
-0.47883388
-0.47892059
-0.47901613
-0.47912097
-0.47923543
-0.47935994
-0.47949482
-0.47964024
-0.47979629
-0.47996281
-0.48013942
-0.48032545
-0.48051998
-0.48072188
-0.48092986
-0.48114260
-0.48135887
-0.48157740
-0.48179696
-0.48201642
-0.48223478
-0.48245122
-0.48266497
-0.48287535
-0.48308170
-0.48328337
-0.48347955
-0.48366931
-0.48385181
-0.48402591
-0.48419046
-0.48434439
-0.48448645
-0.48461574
-0.48473140
-0.48483271
-0.48491914
-0.48499027
-0.48504583
-0.48508564
-0.48510960
-0.48511767
-0.48510985
-0.48508615
-0.48504661
-0.48499134
-0.48492051
-0.48483441
-0.48473343
-0.48461812
-0.48448919
-0.48434747
-0.48419389
-0.48402968
-0.48385590
-0.48367371
-0.48348425
-0.48328836
-0.48308698
-0.48288090
-0.48267080
-0.48245733
-0.48224115
-0.48202304
-0.48180381
-0.48158445
-0.48136610
-0.48114996
-0.48093731
-0.48072936
-0.48052745
-0.48033285
-0.48014670
-0.47996993
-0.47980323
-0.47964697
-0.47950132
-0.47936621
-0.47924147
-0.47912679
-0.47902176
-0.47892604
-0.47883918
-0.47876073
-0.47869014
-0.47862734
-0.47857189
-0.47852345
-0.47848176
-0.47844662
-0.47841780
-0.47839508
-0.47837819
-0.47836679
-0.47836056
-0.47835914
-0.47836218
-0.47836930
-0.47838013
-0.47839430
-0.47841143
-0.47843118
-0.47845323
-0.47847729
-0.47850307
-0.47853054
-0.47855903
-0.47858861
-0.47861915
-0.47865049
-0.47868254
-0.47871528
-0.47874862
-0.47878248
-0.47881675
-0.47885136
-0.47888629
-0.47892101
-0.47895541
-0.47898921
-0.47902211
-0.47905376
-0.47908385
-0.47911199
-0.47913781
-0.47916099
-0.47918118
-0.47919811
-0.47921153
-0.47922123
-0.47922707
-0.47922932
