2.6911399929988405E-002
4.8413600492602057E-002
-5.5595018523377719E-002
6.6553268349985352E-003
2.8472328970871565E-002
-7.2861731997099000E-002
1.5673903044083493E-002
6.7495117946997862E-002
-3.6712115914115863E-002
-2.2011434852604587E-002
3.0051227338399010E-002
-6.9032315150979268E-002
-4.0108623550091337E-002
2.4681282214944616E-003
-6.7412880250824134E-002
2.1383430535727124E-002
-1.1004467592139774E-003
-7.5517033469244599E-002
5.5359451155457132E-003
-2.5346678182585149E-002
-7.4054519520473788E-002
-2.7122150765650943E-002
-2.3536622240765477E-002
-6.9739927374998817E-002
5.3938923685401763E-002
5.6941779822491337E-002
-2.8524003319779513E-004
6.6663877740217467E-002
3.5204970784187405E-002
-2.1890443658808257E-002
3.0096630006880992E-002
7.1992621558494257E-002
-7.2746414655454868E-003
5.3972313773834955E-002
3.1248074002707557E-002
-4.7635819281343195E-002
5.0719190283522973E-002
5.8928277276916875E-004
-5.9989967833160823E-002
7.7787138400720227E-002
9.2016207163389749E-003
-4.5650408162704716E-003
7.4879043065888079E-002
-1.7768943096021787E-002
-1.5438250503425061E-002
6.0361503309815739E-002
-2.2332968232492673E-002
-4.4850452618778722E-002
9.1809605367008090E-003
6.5603138434884051E-002
4.1907984861438555E-002
3.6341684525438608E-002
4.8547966949082040E-002
4.9791468561769234E-002
6.2865006754811107E-003
7.6665487970089000E-002
1.5171564388770421E-002
5.7200949945518983E-002
4.4431927751016245E-002
3.0158283775065801E-002
7.2046513888675751E-002
1.4758829191080573E-002
2.7450596256660964E-002
2.7123377364821087E-002
2.3528970394470428E-002
6.9738877903494492E-002
4.0104185987763649E-002
-2.4669250771329082E-003
6.7409108925494038E-002
6.4049265236282654E-002
-7.0761132521719493E-003
4.4813100239583611E-002
-4.5587802527015192E-002
6.2572902215124543E-002
1.2773921981760862E-002
-4.2318053735832653E-002
4.9982129169241871E-002
4.3179410868263768E-002
-2.2842356381112153E-002
7.4987968810055941E-002
-3.8620989161739763E-004
-1.6689781297007926E-002
5.1527928097050396E-002
5.6813664922922065E-002
-5.5349424157179212E-003
2.5350503833146069E-002
7.4054307822746079E-002
-6.0360156288354366E-002
2.2325645525068823E-002
4.4855301472121821E-002
-5.0716913753919644E-002
-5.8395061917834571E-004
5.9983901754414856E-002
-2.1389744063155112E-002
1.0943900011799275E-003
7.5519319438572569E-002
-3.4745203058693150E-002
5.1944859881027115E-002
-4.7524547157615997E-002
-6.0651072127058260E-002
3.7562976045201243E-002
-3.2566353360994359E-002
-1.7056254768800225E-002
6.9300978173298833E-002
-3.2367504052365874E-002
-6.5714232891698254E-002
4.2599676293907984E-002
-4.4616999428572232E-003
-7.4881524297030572E-002
1.7773172994170201E-002
1.5439341035793771E-002
-6.4050222597379344E-002
7.0670883337466640E-003
-4.4807967540148846E-002
-7.2042906804134554E-002
-1.4752665348576794E-002
-2.7453425552714263E-002
-7.7789817380375187E-002
-9.2064902150974601E-003
4.5626905580108644E-003
-2.6915466670414334E-002
-4.8409787485884627E-002
5.5591718585590567E-002
-5.3977278912087923E-002
-3.1247748393585496E-002
4.7629838776121106E-002
-6.6666954978333887E-002
-3.5198675719207387E-002
2.1889421278476175E-002
-1.5677742808426893E-002
-6.7494906211425662E-002
3.6715137865714724E-002
3.4740453766347303E-002
-5.1942549963521358E-002
4.7527689715977907E-002
2.2005966026862139E-002
-3.0056987751194003E-002
6.9033502686581052E-002
-6.6603381470880432E-003
-2.8471651370274586E-002
7.2861067069178803E-002
1.7059298422986029E-002
-6.9301432002089672E-002
3.2373134857801827E-002
4.5591394230979236E-002
-6.2569146547943696E-002
-1.2766532564294433E-002
6.5711933242135812E-002
-4.2602416681759438E-002
4.4666271179365519E-003
6.0649957451167816E-002
-3.7561423443632648E-002
3.2570598157329218E-002
2.2852109291599327E-002
-7.4989771674885436E-002
3.8906263151263106E-004
-9.1726343644560546E-003
-6.5600326001367629E-002
-4.1909674000316560E-002
1.6693164728688988E-002
-5.1529252665567932E-002
-5.6810281465118878E-002
4.2322596701681044E-002
-4.9982303183006081E-002
-4.3176258908926519E-002
-6.2797150951233987E-003
-7.6668814340690020E-002
-1.5176547061486623E-002
-5.3940055582576869E-002
-5.6938807044000152E-002
2.7637630941983253E-004
-5.7197207848427356E-002
-4.4432470336402095E-002
-3.0160489800157824E-002
-3.6338865675672877E-002
-4.8545473720321669E-002
-4.9797818131429389E-002
-3.0096843333693564E-002
-7.1994425770909129E-002
7.2712057891254588E-003
