-1036.33385831
-1042.19567732
-1045.28483187
-1047.16017183
-1048.86941245
-1050.48559753
-1051.53648376
-1052.05103889
-1052.27699135
-1052.34643903
-1052.30248993
-1052.17766661
-1052.04153225
-1051.95146612
-1051.91703569
-1051.90487360
-1051.89328718
-1051.88000023
-1051.86759783
-1051.85731653
-1051.84877237
-1051.84162323
-1051.83562608
-1051.83056353
-1051.82626583
-1051.82259817
-1051.81945263
-1051.81674789
-1051.81440915
-1051.81237641
-1051.81061084
-1051.80906446
-1051.80770536
-1051.80651548
-1051.80546519
-1051.80453649
