-2.29574033
-2.29574033
-2.29574033
-2.29574033
-2.29574687
-2.35290648
-2.48257091
-2.60223733
-2.67962639
-2.70649408
-2.70782572
-2.70782572
-2.70782572
-2.70782572
-2.74650867
-2.91309023
-3.28933890
-3.62778307
-3.83846608
-3.95712052
-4.08854641
-4.18667645
-4.24076691
-4.25913364
-4.26014991
-4.26014991
-4.27630544
-4.37902179
-4.39610108
-4.27074819
-4.12830474
-4.06913604
-4.10634996
-4.13033225
-4.09334152
-4.04585457
-4.06216670
-4.09309471
-4.08332456
-4.06028049
-4.05308182
-4.04688413
-4.03845087
-4.04359042
-4.04771431
-4.05347928
-4.06817582
-4.07007879
-4.06243163
-4.06807205
-4.07217936
-4.07077019
-4.07759306
-4.08634179
-4.08661141
-4.08334365
-4.08552538
-4.09062357
-4.10161584
-4.10731651
-4.11053982
-4.11585546
-4.12105431
-4.12374278
-4.12462965
-4.12482151
-4.12484067
-4.12484068
-4.12484068
-4.12484068
-4.12484068
