-8580.93021788
-8611.29642105
-8626.97163212
-8637.06524432
-8643.29424937
-8647.51104167
-8650.52684371
-8652.56710090
-8653.92934422
-8654.86133135
-8655.51551199
-8655.93692743
-8656.20851785
-8656.41862502
-8656.56562542
-8656.66641356
-8656.71021815
-8656.70911774
-8656.67377026
-8656.63068778
-8656.59316896
-8656.56118926
-8656.53283960
-8656.50835474
-8656.48702802
-8656.46839027
-8656.45207857
-8656.43769287
-8656.42496494
-8656.41367837
-8656.40365027
-8656.39473972
-8656.38681587
-8656.37974304
-8656.37340560
-8656.36770378
-8656.36255741
-8656.35790214
-8656.35369627
-8656.34988143
-8656.34641136
