-8590.38736642
-8620.76288125
-8636.42890045
-8646.51437576
-8652.75559947
-8656.99483884
-8660.04693753
-8662.10645816
-8663.48324998
-8664.41529477
-8665.06197008
-8665.47539665
-8665.73328481
-8665.92204240
-8666.05185916
-8666.13844106
-8666.16747044
-8666.15441978
-8666.11042029
-8666.06064173
-8666.01791654
-8665.98176280
-8665.95014766
-8665.92306201
-8665.89971305
-8665.87949112
-8665.86188120
-8665.84646890
-8665.83292446
-8665.82097208
-8665.81037919
-8665.80096901
-8665.79259617
-8665.78511720
-8665.77840781
-8665.77236970
-8665.76692004
-8665.76199122
-8665.75753759
-8665.75349782
-8665.74982341
