-1036.33365603
-1042.19544377
-1045.28457648
-1047.15989149
-1048.86912825
-1050.48532124
-1051.53623262
-1052.05079643
-1052.27674777
-1052.34618586
-1052.30224581
-1052.17742989
-1052.04130195
-1051.95123356
-1051.91681101
-1051.90465151
-1051.89306302
-1051.87978457
-1051.86740078
-1051.85713833
-1051.84860429
-1051.84147640
-1051.83549667
-1051.83044461
-1051.82615297
-1051.82249756
-1051.81936003
-1051.81665463
-1051.81432460
-1051.81230398
-1051.81054462
-1051.80900930
-1051.80766077
-1051.80647455
-1051.80542958
-1051.80450812
