-1036.33387953
-1042.19570689
-1045.28487042
-1047.16022380
-1048.86948557
-1050.48569819
-1051.53661037
-1052.05118469
-1052.27715069
-1052.34661385
-1052.30268395
-1052.17787450
-1052.04175031
-1051.95169207
-1051.91727340
-1051.90512065
-1051.89354199
-1051.88025757
-1051.86786112
-1051.85758538
-1051.84904330
-1051.84190391
-1051.83590379
-1051.83083467
-1051.82652912
-1051.82285461
-1051.81970347
-1051.81698760
-1051.81463837
-1051.81259715
-1051.81081970
-1051.80926387
-1051.80789694
-1051.80669315
-1051.80563092
-1051.80468979
