-8574.39529890
-8604.83183114
-8620.57492362
-8630.73064387
-8637.00893582
-8641.26789599
-8644.31825197
-8646.38494470
-8647.76792073
-8648.71464168
-8649.37819059
-8649.80204221
-8650.07438532
-8650.28167915
-8650.42607708
-8650.52436751
-8650.56536406
-8650.55990931
-8650.52070153
-8650.47435141
-8650.43388284
-8650.39926246
-8650.36890909
-8650.34287274
-8650.32042479
-8650.30099741
-8650.28408994
-8650.26930125
-8650.25631188
-8650.24485592
-8650.23470774
-8650.22569613
-8650.21768117
-8650.21052431
-8650.20410619
-8650.19833272
-8650.19312361
-8650.18841324
-8650.18415838
-8650.18029990
-8650.17679087
