-8555.68137593
-8586.10124103
-8601.85046836
-8612.02969431
-8618.33966226
-8622.62952974
-8625.70477021
-8627.79279581
-8629.19728596
-8630.16120672
-8630.82729590
-8631.23798374
-8631.48884108
-8631.67054569
-8631.78405060
-8631.84968132
-8631.86102454
-8631.83123000
-8631.77209552
-8631.70949758
-8631.65582414
-8631.61035441
-8631.57079398
-8631.53689442
-8631.50766788
-8631.48235375
-8631.46030891
-8631.44101377
-8631.42405633
-8631.40909208
-8631.39583051
-8631.38405008
-8631.37356794
-8631.36420557
-8631.35580640
-8631.34824716
-8631.34142391
-8631.33525261
-8631.32967739
-8631.32462142
-8631.32002393
