-8547.98417794
-8578.43089811
-8594.19813760
-8604.39092678
-8610.70900077
-8614.99888096
-8618.07749651
-8620.17502859
-8621.58950686
-8622.55866476
-8623.23212203
-8623.65902273
-8623.92713568
-8624.12801190
-8624.26331090
-8624.35327852
-8624.38777385
-8624.37934056
-8624.33849212
-8624.29152487
-8624.25118392
-8624.21705317
-8624.18716664
-8624.16156814
-8624.13950553
-8624.12040066
-8624.10376536
-8624.08920732
-8624.07641438
-8624.06512619
-8624.05512229
-8624.04623537
-8624.03832862
-8624.03126607
-8624.02493017
-8624.01922834
-8624.01408197
-8624.00942670
-8624.00522084
-8624.00140600
-8623.99793592
