-32923.41976283
-32925.14177868
-32926.27970851
-32926.86479587
-32926.98954399
-32926.98353897
-32927.00536983
-32927.12470163
-32927.25919991
-32927.34676077
-32927.35667992
-32927.31652391
-32927.26574293
-32927.21304752
-32927.15928060
-32927.10670981
-32927.05895182
-32927.01640656
-32926.97938167
-32926.94700763
-32926.91858015
-32926.89352389
-32926.87134671
-32926.85163688
-32926.83409272
-32926.81842155
-32926.80436600
-32926.79173431
-32926.78035635
-32926.77008493
-32926.76080577
-32926.75241202
-32926.74478046
-32926.73782586
-32926.73148427
-32926.72570436
-32926.72041428
-32926.71556052
-32926.71111530
-32926.70703573
-32926.70328958
