2.6812107428055176E-002
4.8202566913355220E-002
-5.5388802087482432E-002
6.6545536463522813E-003
2.8356678042230247E-002
-7.2571919589366526E-002
1.5601324921533679E-002
6.7242501270944596E-002
-3.6546755637937266E-002
-2.1949983885557980E-002
2.9932015906177917E-002
-6.8751327607814383E-002
-3.9959163908653915E-002
2.4810198876857614E-003
-6.7139540964007760E-002
2.1312263376669437E-002
-1.0742846214405945E-003
-7.5214622402728804E-002
5.4985816969644703E-003
-2.5267279457085498E-002
-7.3755692865270589E-002
-2.7002151891812154E-002
-2.3466001031782271E-002
-6.9461825412672443E-002
5.3743607253602457E-002
5.6699773281791210E-002
-2.7818487678265018E-004
6.6407945424593787E-002
3.5067344946836075E-002
-2.1778245951744869E-002
2.9953958574550025E-002
7.1718732302928065E-002
-7.2522800253426506E-003
5.3744073785910999E-002
3.1118272816800376E-002
-4.7467966793616617E-002
5.0506277502519230E-002
6.0694156529167301E-004
-5.9762391851550793E-002
7.7477466078012813E-002
9.1880149893743390E-003
-4.5379492920772455E-003
7.4575646177514124E-002
-1.7722367865956656E-002
-1.5386171203737543E-002
6.0128926014975180E-002
-2.2263548624676010E-002
-4.4655574580351430E-002
9.1472261644794540E-003
6.5330316210426204E-002
4.1763045388838405E-002
3.6176597048248028E-002
4.8355394574825558E-002
4.9611121793001520E-002
6.2598188960336226E-003
7.6368294976939352E-002
1.5086136732799233E-002
5.6990154426203150E-002
4.4249968708101266E-002
3.0019057132135013E-002
7.1764003029221576E-002
1.4719502386079112E-002
2.7324440700533210E-002
2.7003319758510603E-002
2.3458419203764885E-002
6.9460729243322764E-002
3.9954774047090282E-002
-2.4799014101139932E-003
6.7135774219520467E-002
6.3783777688073306E-002
-7.0669808397245196E-003
4.4650151483612170E-002
-4.5425834199927899E-002
6.2310279002892710E-002
1.2733409008875252E-002
-4.2171544311960872E-002
4.9779658974853258E-002
4.2993867257212728E-002
-2.2730391161587985E-002
7.4698547710910612E-002
-3.9636073168201511E-004
-1.6599878288930944E-002
5.1321523712532804E-002
5.6598627622296005E-002
-5.4976145587474542E-003
2.5271016455933937E-002
7.3755498165341687E-002
-6.0127598027145283E-002
2.2256313403327035E-002
4.4660338370935651E-002
-5.0504009347807230E-002
-6.0171952886127814E-004
5.9756429684783223E-002
-2.1318487049433957E-002
1.0683097833446425E-003
7.5216955705004071E-002
-3.4621692076785893E-002
5.1720111370507395E-002
-4.7347230452706189E-002
-6.0402033179367411E-002
3.7408504058551367E-002
-3.2460422567679906E-002
-1.6971277563243799E-002
6.9038605489005381E-002
-3.2224637081020142E-002
-6.5455288057618688E-002
4.2432645509936320E-002
-4.4175292395669530E-003
-7.4578146112983273E-002
1.7726510697046498E-002
1.5387225797597919E-002
-6.3784685085230178E-002
7.0580883655743214E-003
-4.4645082030816616E-002
-7.1760436915201467E-002
-1.4713470253221948E-002
-2.7327224864457756E-002
-7.7480176660025879E-002
-9.1928200269317771E-003
4.5356678676711356E-003
-2.6816118334892232E-002
-4.8198775547256739E-002
5.5385541676444751E-002
-5.3749028798596769E-002
-3.1117934087580096E-002
4.7462047332260997E-002
-6.6411034534999053E-002
-3.5061140373733292E-002
2.1777151205764258E-002
-1.5605154130047953E-002
-6.7242249802363360E-002
3.6549711535503356E-002
3.4617010222609781E-002
-5.1717841558786552E-002
4.7350324741264334E-002
2.1944546813680188E-002
-2.9937680806254276E-002
6.8752561298055681E-002
-6.6595855844770032E-003
-2.8356013023322885E-002
7.2571298411202453E-002
1.6974265552392599E-002
-6.9039030065414134E-002
3.2230218674531803E-002
4.5429402293247524E-002
-6.2306568899121888E-002
-1.2726100222036090E-002
6.5453062079642549E-002
-4.2435336170024658E-002
4.4224424596107908E-003
6.0400946902061485E-002
-3.7406961708767839E-002
3.2464673831755927E-002
2.2740065720549953E-002
-7.4700319736883847E-002
3.9918669065444878E-004
-9.1389800974163143E-003
-6.5327512522862174E-002
-4.1764701249183092E-002
1.6603267621957605E-002
-5.1322827867021768E-002
-5.6595293669493132E-002
4.2176090841961736E-002
-4.9779826604859391E-002
-4.2990738969646364E-002
-6.2530946036622528E-003
-7.6371535562547471E-002
-1.5091043727362780E-002
-5.3744699288687546E-002
-5.6696803015586834E-002
2.6944799405888005E-004
-5.6986446993648437E-002
-4.4250502406947563E-002
-3.0021272195517357E-002
-3.6173789788124945E-002
-4.8352930322500196E-002
-4.9617449097725738E-002
-2.9954151428685096E-002
-7.1720441743924140E-002
7.2488473591929810E-003
