-1036.33386630
-1042.19569087
-1045.28484676
-1047.16019072
-1048.86944274
-1050.48564979
-1051.53655321
-1052.05111240
-1052.27706217
-1052.34651233
-1052.30257057
-1052.17774998
-1052.04161436
-1051.95154244
-1051.91711220
-1051.90495114
-1051.89336485
-1051.88007260
-1051.86766903
-1051.85738896
-1051.84884314
-1051.84169935
-1051.83569616
-1051.83062346
-1051.82631189
-1051.82264298
-1051.81949724
-1051.81678812
-1051.81444489
-1051.81240850
-1051.81064077
-1051.80909293
-1051.80773360
-1051.80654112
-1051.80548504
-1051.80455177
