6.9911487671850481E-003
2.2901310472153633E-002
-1.5454827732916053E-002
-5.2923415859922876E-003
1.1103219904411909E-002
-2.5960524194880631E-002
8.6971801118259241E-003
1.9787618616143209E-002
-1.8592055663146638E-002
-4.3740676839985518E-004
1.0699594325735915E-002
-2.6637766179747637E-002
-1.1465988805230493E-002
-6.0408017415971753E-003
-2.5509653574763817E-002
3.7314734077135187E-003
-6.9541415152449253E-003
-2.7649217247653360E-002
6.3724486384804553E-003
-2.8869065166063912E-003
-2.7889879250072684E-002
-1.3478912916062962E-002
-1.8512430268967034E-003
-2.5112731770429553E-002
1.3631880073513330E-002
2.5223811201358425E-002
-1.9435094633898156E-003
2.1245945558469807E-002
1.1986017182024787E-002
-1.5094024815028103E-002
1.7639822340332494E-002
2.2791341393986603E-002
-9.2078882137273303E-004
2.3281560798516284E-002
1.2566513075453502E-002
-1.0629481858876246E-002
2.1370325920098472E-002
-5.8497042487146702E-003
-1.8171249193580759E-002
2.8062570778393851E-002
-3.7766103660620792E-003
-4.5484632799466431E-003
2.8686452607165003E-002
6.2856169880690896E-004
-2.9092585891280784E-003
1.9585903853548022E-002
-2.1222647871427767E-003
-2.0550918274993790E-002
2.5645379762829295E-003
2.7206236066659312E-002
8.2799573746772312E-003
1.9094827321667913E-002
1.6857948202638098E-002
1.3151648770463403E-002
3.0996207562666617E-003
2.5492339072958156E-002
1.2909468929780545E-002
1.5523966316956893E-002
1.7414821674728489E-002
1.6446622150106872E-002
2.4346384593355860E-002
-4.3396639683269408E-004
1.4787424744363351E-002
1.3479699860126620E-002
1.8457317894229497E-003
2.5114944147739370E-002
1.1464079013316333E-002
6.0395372901975624E-003
2.5508498130746453E-002
2.5723253687310706E-002
3.2890360577232922E-003
1.1863536318155791E-002
-1.0720166111622728E-002
2.6592632957304116E-002
1.2643888245552275E-003
-8.6926782420579784E-003
1.8784958467002306E-002
1.9515625824317470E-002
-1.4627350127524476E-002
2.4391013092472182E-002
3.3890869393033755E-003
-1.3074995164551450E-002
1.8680421339863411E-002
1.7333046713208920E-002
-6.3705384418213220E-003
2.8881899028841839E-003
2.7889735593110532E-002
-1.9584112398068343E-002
2.1163920856461195E-003
2.0552449457575735E-002
-2.1369952427407708E-002
5.8507531426735824E-003
1.8168431128401264E-002
-3.7316674150462527E-003
6.9518972389816776E-003
2.7652672009418646E-002
-8.1563625941341849E-003
2.3943559274358713E-002
-1.3593674491914795E-002
-2.3845612749469034E-002
1.5253750068658201E-002
-4.4866869442577078E-003
-1.0962389070182292E-002
2.0746457988822888E-002
-1.5957948615730681E-002
-2.3083638654280644E-002
1.4501103388826425E-002
-9.3235022961081788E-003
-2.8684247436731498E-002
-6.2650332493924027E-004
2.9104885497301487E-003
-2.5722896250955286E-002
-3.2971160177243924E-003
-1.1862969915220898E-002
-2.4345979052880787E-002
4.3661861287464329E-004
-1.4789706019439656E-002
-2.8064914390845758E-002
3.7744626442896691E-003
4.5473823833766290E-003
-6.9979540104823405E-003
-2.2901600257067747E-002
1.5450315089344746E-002
-2.3282443923951467E-002
-1.2565273889985422E-002
1.0623735899033813E-002
-2.1248411130894630E-002
-1.1979369633425373E-002
1.5096548534481388E-002
-8.7020252697432628E-003
-1.9792658107034563E-002
1.8592611387506838E-002
8.1472000790932201E-003
-2.3941029668621768E-002
1.3599532867066460E-002
4.3461214639787637E-004
-1.0701930407321423E-002
2.6636139592442275E-002
5.2931858479193412E-003
-1.1097845758796070E-002
2.5959654338413816E-002
1.0962628994344902E-002
-2.0746240671616407E-002
1.5960310053913285E-002
1.0721096870157832E-002
-2.6589493762160091E-002
-1.2567340688649840E-003
2.3079766017826530E-002
-1.4500398246378806E-002
9.3253530262379369E-003
2.3847804880030354E-002
-1.5249468793638791E-002
4.4836700579335637E-003
1.4631335764180083E-002
-2.4393888015418700E-002
-3.3845598195753508E-003
-2.5590398302499416E-003
-2.7206944774919847E-002
-8.2818604690599752E-003
1.3074384576866481E-002
-1.8678498918381605E-002
-1.7330039798330081E-002
8.6905544543437307E-003
-1.8786067628506067E-002
-1.9517644581372725E-002
-3.0925617476913838E-003
-2.5496776375307832E-002
-1.2911680693572175E-002
-1.3632386007668045E-002
-2.5225023923293212E-002
1.9357889957524119E-003
-1.5520535436666667E-002
-1.7412396935277144E-002
-1.6445353810409177E-002
-1.9099452681640778E-002
-1.6853849444637227E-002
-1.3153587140466945E-002
-1.7638056393306373E-002
-2.2795443688622092E-002
9.2207078132246591E-004
