-1036.12559306
-1041.99576961
-1045.09531461
-1046.98240568
-1048.70004079
-1050.32075463
-1051.37294400
-1051.88884208
-1052.11583189
-1052.18630740
-1052.14320870
-1052.01960233
-1051.88412296
-1051.79420783
-1051.76013668
-1051.74857312
-1051.73740793
-1051.72397214
-1051.71130351
-1051.70072484
-1051.69186928
-1051.68447176
-1051.67821712
-1051.67290022
-1051.66837512
-1051.66449999
-1051.66118102
-1051.65833419
-1051.65588044
-1051.65375118
-1051.65189882
-1051.65028006
-1051.64885996
-1051.64761075
-1051.64650935
-1051.64553541
