-8548.83740548
-8579.28220805
-8595.04877234
-8605.23867794
-8611.55752112
-8615.85373069
-8618.93153709
-8621.02080126
-8622.42542909
-8623.38946375
-8624.05565654
-8624.46643644
-8624.71737006
-8624.89913434
-8625.01268468
-8625.07834830
-8625.08971319
-8625.05993016
-8625.00080043
-8624.93820412
-8624.88453128
-8624.83906168
-8624.79950124
-8624.76560169
-8624.73637515
-8624.71106101
-8624.68901617
-8624.66972103
-8624.65276359
-8624.63779935
-8624.62453777
-8624.61275734
-8624.60227520
-8624.59291283
-8624.58451367
-8624.57695443
-8624.57013118
-8624.56395987
-8624.55838465
-8624.55332869
-8624.54873119
