2.6689507452803005E-002
4.7856707630603471E-002
-5.5127738308952491E-002
6.7117921615124903E-003
2.8184565193163015E-002
-7.2157482448506741E-002
1.5474677124180804E-002
6.6916361378158262E-002
-3.6269648224473885E-002
-2.1919434976097111E-002
2.9761812628624408E-002
-6.8336108835340942E-002
-3.9770388990797108E-002
2.5525418650167069E-003
-6.6740862464207296E-002
2.1241555423148928E-002
-9.8682733122787457E-004
-7.4779662043814865E-002
5.4129732523831402E-003
-2.5202039305180401E-002
-7.3320512995713433E-002
-2.6804164303450419E-002
-2.3416854293418859E-002
-6.9068170323243347E-002
5.3509336349032099E-002
5.6316759332143529E-002
-2.5484646733463164E-004
6.6062626458461934E-002
3.4875093149191502E-002
-2.1562271934813859E-002
2.9700703139585140E-002
7.1359813158725346E-002
-7.2346206043729143E-003
5.3383328563389572E-002
3.0918312679419149E-002
-4.7273162201195006E-002
5.0179103146057995E-002
6.7956111971750367E-004
-5.9465170593875030E-002
7.7035362542326485E-002
9.2223668239474910E-003
-4.4775986736555586E-003
7.4137543184999113E-002
-1.7711470346288061E-002
-1.5333014641933946E-002
5.9812964860166337E-002
-2.2207703759503310E-002
-4.4342293567774353E-002
9.1033075397322308E-003
6.4906657294705780E-002
4.1602949637586192E-002
3.5894939620170173E-002
4.8084513799083885E-002
4.9391662880567795E-002
6.2164962000905745E-003
7.5959959626274845E-002
1.4907976438985719E-002
5.6724619354558505E-002
4.3975522925651461E-002
2.9775575460789131E-002
7.1364802975603284E-002
1.4705185538233703E-002
2.7103985541627719E-002
2.6805195546063726E-002
2.3409389352340756E-002
6.9066914916589686E-002
3.9766061079235235E-002
-2.5515522497665199E-003
6.6737154368542564E-002
6.3380436349748215E-002
-7.0975559282485034E-003
4.4448623216057859E-002
-4.5237246190431069E-002
6.1902188490609134E-002
1.2699587229998161E-002
-4.2007227641456299E-002
4.9478314515107362E-002
4.2694977806326827E-002
-2.2520800142729787E-002
7.4301121183493440E-002
-4.3697739086083622E-004
-1.6416372578761437E-002
5.1024611547562736E-002
5.6315807135202796E-002
-5.4120099630086118E-003
2.5205700620106037E-002
7.3320454004976762E-002
-5.9811533073026807E-002
2.2200619413738860E-002
4.4346781742917264E-002
-5.0176755413202039E-002
-6.7456268028689796E-004
5.9459246075054775E-002
-2.1247645365897388E-002
9.8102525937215738E-004
7.4782132220202968E-002
-3.4480435628555628E-002
5.1359612476969428E-002
-4.7122636496555355E-002
-6.0026964779679760E-002
3.7172596473589510E-002
-3.2362326075831005E-002
-1.6811827702779863E-002
6.8688118999944175E-002
-3.1985938777368127E-002
-6.5094173902100191E-002
4.2202105680997012E-002
-4.2953745643219497E-003
-7.4140114156071579E-002
1.7715505540298267E-002
1.5334043514990233E-002
-6.3381095931985085E-002
7.0889439019478778E-003
-4.4443622508695775E-002
-7.1361130996272684E-002
-1.4699368383678685E-002
-2.7106639800902541E-002
-7.7038144249510859E-002
-9.2270495920335222E-003
4.4754236444132173E-003
-2.6693407697328534E-002
-4.7852974268832164E-002
5.5124483557715410E-002
-5.3388084649777526E-002
-3.0917906531608971E-002
4.7267262546200041E-002
-6.6065779649013820E-002
-3.4869119242018659E-002
2.1561072764963270E-002
-1.5478485318934225E-002
-6.6916198700555887E-002
3.6272578631619416E-002
3.4475773840217133E-002
-5.1357321856946019E-002
4.7125510637174177E-002
2.1914086639194447E-002
-2.9767267661214705E-002
6.8337294210777111E-002
-6.7168397788936393E-003
-2.8183926650860325E-002
7.2156940489895918E-002
1.6814741728293461E-002
-6.8688512602354798E-002
3.1991391491173804E-002
4.5240610043088110E-002
-6.1898444436379596E-002
-1.2692424363771663E-002
6.5091913575883467E-002
-4.2204583774815334E-002
4.3002223242727868E-003
6.0025858704604133E-002
-3.7171061191851228E-002
3.2366614238361915E-002
2.2530271379153574E-002
-7.4302970601089993E-002
4.3972201696662643E-004
-9.0952223791935932E-003
-6.4903861314377684E-002
-4.1604407973447805E-002
1.6419692375539825E-002
-5.1025791769176258E-002
-5.6312462148370886E-002
4.2011779646100908E-002
-4.9478437452218166E-002
-4.2691869419895064E-002
-6.2099459829288561E-003
-7.5963232400298300E-002
-1.4912797089985831E-002
-5.3510362425634048E-002
-5.6313912845461105E-002
2.4636379521662143E-004
-5.6720885103572150E-002
-4.3975957633885190E-002
-2.9777749629228842E-002
-3.5892099509743890E-002
-4.8082113127961991E-002
-4.9397916339344740E-002
-2.9700952398574367E-002
-7.1361627371047301E-002
7.2312381414584726E-003
