-1036.33342468
-1042.19522887
-1045.28438128
-1047.15973598
-1048.86899766
-1050.48518370
-1051.53605583
-1052.05062647
-1052.27656367
-1052.34602713
-1052.30207857
-1052.17726284
-1052.04112848
-1051.95106687
-1051.91663927
-1051.90450872
-1051.89294169
-1051.87966955
-1051.86729011
-1051.85703836
-1051.84851932
-1051.84140607
-1051.83542095
-1051.83037358
-1051.82608892
-1051.82242665
-1051.81930491
-1051.81661104
-1051.81429047
-1051.81227176
-1051.81051673
-1051.80898365
-1051.80763949
-1051.80646105
-1051.80542085
-1051.80450008
