-1051.62960107
-1055.19992315
-1057.86505825
-1059.83073428
-1061.31762693
-1062.55068201
-1063.58877613
-1064.54931153
-1065.47928045
-1066.29205327
-1066.93332951
-1067.45380632
-1067.87326124
-1068.17303586
-1068.36821937
-1068.49035299
-1068.56657475
-1068.61301494
-1068.64013674
-1068.65483885
-1068.66155283
-1068.65849603
-1068.65072691
-1068.63997507
-1068.62397084
-1068.60408782
-1068.58301749
-1068.55982963
-1068.53604654
-1068.51347304
-1068.49275267
-1068.47471221
-1068.45970243
-1068.44734349
-1068.43666888
-1068.42735557
-1068.41890756
-1068.41122250
-1068.40425650
-1068.39796516
-1068.39224434
