-1044.66629765
-1048.29232851
-1051.01125260
-1053.02762298
-1054.56158590
-1055.83857068
-1056.91866300
-1057.92025910
-1058.89064480
-1059.74306099
-1060.42308088
-1060.98179636
-1061.44018392
-1061.78091431
-1062.01949233
-1062.18658770
-1062.30777873
-1062.39754011
-1062.46501783
-1062.51664847
-1062.55714484
-1062.58554379
-1062.60778931
-1062.62593997
-1062.63770323
-1062.64414547
-1062.64756284
-1062.64682304
-1062.64335292
-1062.63895745
-1062.63437233
-1062.63062640
-1062.62832102
-1062.62733449
-1062.62693774
-1062.62694238
-1062.62694238
-1062.62694239
-1062.62694238
-1062.62694238
-1062.62694238
