-1033.55868094
-1039.45084570
-1042.57533722
-1044.49144995
-1046.23855416
-1047.88651332
-1048.95991580
-1049.47882493
-1049.69307668
-1049.74754042
-1049.69144914
-1049.55428644
-1049.40264415
-1049.29597620
-1049.24698937
-1049.22326334
-1049.20268930
-1049.18234687
-1049.16432420
-1049.14949852
-1049.13723342
-1049.12701698
-1049.11845279
-1049.11123121
-1049.10510792
-1049.09988904
-1049.09541941
-1049.09157278
-1049.08824920
-1049.08536567
-1049.08285630
-1049.08066391
-1049.07874051
-1049.07704838
-1049.07555681
-1049.07423738
