-8571.78269582
-8602.22949664
-8617.98478846
-8628.15215450
-8634.44015307
-8638.70548571
-8641.76108018
-8643.83241596
-8645.21942062
-8646.16970548
-8646.83750406
-8647.26607454
-8647.54184493
-8647.75309645
-8647.90133525
-8648.00370851
-8648.04917915
-8648.04807872
-8648.01242491
-8647.96902181
-8647.93100597
-8647.89784714
-8647.86838738
-8647.84280003
-8647.82044999
-8647.80099080
-8647.78404135
-8647.76922411
-8647.75621809
-8647.74475947
-8647.73461130
-8647.72559969
-8647.71758472
-8647.71042786
-8647.70400974
-8647.69823627
-8647.69302717
-8647.68831679
-8647.68406193
-8647.68020345
-8647.67669443
