-1036.33324709
-1042.19512593
-1045.28415784
-1047.15937670
-1048.86861085
-1050.48478631
-1051.53560431
-1052.05011424
-1052.27608457
-1052.34551709
-1052.30159277
-1052.17681433
-1052.04070681
-1051.95067566
-1051.91630427
-1051.90421141
-1051.89265953
-1051.87940204
-1051.86704796
-1051.85680009
-1051.84828781
-1051.84119304
-1051.83524267
-1051.83021385
-1051.82595523
-1051.82231659
-1051.81920295
-1051.81653175
-1051.81421979
-1051.81221274
-1051.81047325
-1051.80895582
-1051.80762614
-1051.80645652
-1051.80543273
-1051.80452036
