-1036.33297159
-1042.19473612
-1045.28388846
-1047.15903026
-1048.86812944
-1050.48431464
-1051.53517078
-1052.04964025
-1052.27570543
-1052.34521666
-1052.30131875
-1052.17654107
-1052.04048598
-1051.95048086
-1051.91608101
-1051.90398243
-1051.89245395
-1051.87920117
-1051.86686202
-1051.85665405
-1051.84817536
-1051.84109493
-1051.83514663
-1051.83013315
-1051.82588334
-1051.82226800
-1051.81915889
-1051.81649310
-1051.81419914
-1051.81220354
-1051.81047887
-1051.80897246
-1051.80764580
-1051.80648323
-1051.80545997
-1051.80455540
