-8585.35887186
-8615.75117178
-8631.44675568
-8641.55869628
-8647.80264786
-8652.02808648
-8655.04900870
-8657.08787031
-8658.44278532
-8659.36487016
-8660.01380164
-8660.43041620
-8660.68856473
-8660.88668901
-8661.02410248
-8661.11606682
-8661.15004933
-8661.14196760
-8661.10150838
-8661.05453152
-8661.01418281
-8660.98005040
-8660.95016388
-8660.92456538
-8660.90250277
-8660.88339790
-8660.86676260
-8660.85220456
-8660.83941162
-8660.82812343
-8660.81811953
-8660.80923261
-8660.80132586
-8660.79426331
-8660.78792741
-8660.78222558
-8660.77707921
-8660.77242394
-8660.76821808
-8660.76440324
-8660.76093316
