-1036.33326822
-1042.19513991
-1045.28429135
-1047.15959460
-1048.86885698
-1050.48498684
-1051.53585654
-1052.05041472
-1052.27636828
-1052.34579830
-1052.30185984
-1052.17704043
-1052.04092765
-1051.95088412
-1051.91648258
-1051.90435037
-1051.89279730
-1051.87954618
-1051.86719442
-1051.85693211
-1051.84841985
-1051.84131141
-1051.83532194
-1051.83028958
-1051.82601496
-1051.82237646
-1051.81925429
-1051.81657239
-1051.81425069
-1051.81223733
-1051.81049217
-1051.80896441
-1051.80762344
-1051.80645243
-1051.80541587
-1051.80450598
