-1036.20015073
-1042.07273491
-1045.17508717
-1047.06277669
-1048.78174415
-1050.40640084
-1051.46410490
-1051.98258235
-1052.21058995
-1052.28195365
-1052.23957451
-1052.11594219
-1051.98093559
-1051.89182611
-1051.85851138
-1051.84687376
-1051.83569119
-1051.82284213
-1051.81082495
-1051.80072559
-1051.79214632
-1051.78491661
-1051.77879752
-1051.77360279
-1051.76917209
-1051.76537150
-1051.76211074
-1051.75928620
-1051.75684080
-1051.75472400
-1051.75288913
-1051.75128671
-1051.74988095
-1051.74864435
-1051.74755407
-1051.74658996
