-1036.32948828
-1042.19092355
-1045.28024478
-1047.15610233
-1048.86562481
-1050.48223167
-1051.53349684
-1052.04839706
-1052.27461312
-1052.34416390
-1052.30030787
-1052.17561744
-1052.03958798
-1051.94968307
-1051.91542129
-1051.90340020
-1051.89193724
-1051.87878148
-1051.86649618
-1051.85635946
-1051.84790699
-1051.84085516
-1051.83497348
-1051.83000484
-1051.82579266
-1051.82221785
-1051.81916376
-1051.81651284
-1051.81424916
-1051.81227663
-1051.81056350
-1051.80906080
-1051.80775763
-1051.80659844
-1051.80556712
-1051.80465700
