-1036.09392913
-1041.94864596
-1045.02970632
-1046.89654407
-1048.59695803
-1050.20768551
-1051.25664325
-1051.77283193
-1052.00121219
-1052.07476531
-1052.03608171
-1051.91547549
-1051.78171242
-1051.69372215
-1051.66095824
-1051.65023330
-1051.63988346
-1051.62750470
-1051.61584057
-1051.60610385
-1051.59798367
-1051.59121671
-1051.58555620
-1051.58079208
-1051.57675259
-1051.57330969
-1051.57036118
-1051.56782346
-1051.56563105
-1051.56372848
-1051.56207333
-1051.56062690
-1051.55935799
-1051.55824176
-1051.55725762
-1051.55638736
