-8573.81812840
-8604.25117153
-8619.99038835
-8630.14390805
-8636.42347952
-8640.68499945
-8643.73810002
-8645.81052298
-8647.19962493
-8648.15183838
-8648.82059329
-8649.24971010
-8649.52689065
-8649.73891969
-8649.88752714
-8649.99043944
-8650.03606667
-8650.03541478
-8650.00041662
-8649.95780202
-8649.92067272
-8649.88921195
-8649.86133116
-8649.83705404
-8649.81586128
-8649.79734314
-8649.78106760
-8649.76665641
-8649.75387028
-8649.74249167
-8649.73237619
-8649.72339179
-8649.71540516
-8649.70827894
-8649.70189634
-8649.69615661
-8649.69097812
-8649.68629577
-8649.68206620
-8649.67823065
-8649.67474259
