-1033.67953731
-1039.58293131
-1042.70410459
-1044.61883402
-1046.37279866
-1048.02855300
-1049.11195137
-1049.64688178
-1049.87608825
-1049.93844114
-1049.88627111
-1049.75361485
-1049.60717535
-1049.50411983
-1049.45671745
-1049.43351490
-1049.41308761
-1049.39278099
-1049.37476671
-1049.35994323
-1049.34767871
-1049.33746242
-1049.32889826
-1049.32167672
-1049.31555346
-1049.31033456
-1049.30586507
-1049.30201829
-1049.29869496
-1049.29581097
-1049.29330204
-1049.29110951
-1049.28918605
-1049.28749404
-1049.28600224
-1049.28468309
