-1036.33387955
-1042.19570713
-1045.28487051
-1047.16022270
-1048.86948440
-1050.48569653
-1051.53660802
-1052.05118178
-1052.27714644
-1052.34660853
-1052.30267769
-1052.17786782
-1052.04174260
-1051.95168299
-1051.91726288
-1051.90510851
-1051.89352793
-1051.88024180
-1051.86784439
-1051.85756618
-1051.84902167
-1051.84188010
-1051.83587841
-1051.83080700
-1051.82649849
-1051.82282071
-1051.81966699
-1051.81694802
-1051.81459693
-1051.81255415
-1051.81077533
-1051.80921956
-1051.80785306
-1051.80664897
-1051.80558690
-1051.80464650
