-1036.33194472
-1042.19349685
-1045.28275647
-1047.15801138
-1048.86699821
-1050.48339247
-1051.53452572
-1052.04917399
-1052.27521080
-1052.34476824
-1052.30095745
-1052.17619919
-1052.04012539
-1051.95013776
-1051.91577735
-1051.90368301
-1051.89219911
-1051.87901601
-1051.86669774
-1051.85650240
-1051.84803903
-1051.84097582
-1051.83506628
-1051.83005344
-1051.82581560
-1051.82222127
-1051.81913588
-1051.81649306
-1051.81420623
-1051.81222974
-1051.81050418
-1051.80900391
-1051.80768647
-1051.80652718
-1051.80550263
-1051.80460808
