-1036.28669935
-1042.15783864
-1045.25697466
-1047.14136186
-1048.85868515
-1050.48202662
-1051.53824954
-1052.05644846
-1052.28503743
-1052.35664124
-1052.31397075
-1052.18977370
-1052.05468115
-1051.96537428
-1051.93155547
-1051.91986232
-1051.90878255
-1051.89608526
-1051.88385437
-1051.87376300
-1051.86546224
-1051.85846504
-1051.85248464
-1051.84735752
-1051.84296800
-1051.83920548
-1051.83596346
-1051.83315998
-1051.83072803
-1051.82860963
-1051.82675981
-1051.82514379
-1051.82373056
-1051.82249015
-1051.82139658
-1051.82042957
