-1036.33386745
-1042.19569508
-1045.28485863
-1047.16020972
-1048.86947027
-1050.48568109
-1051.53658979
-1052.05115881
-1052.27711967
-1052.34657724
-1052.30264556
-1052.17783251
-1052.04170228
-1051.95163747
-1051.91721357
-1051.90505545
-1051.89346940
-1051.88017799
-1051.86777508
-1051.85749072
-1051.84894294
-1051.84179917
-1051.83579439
-1051.83072100
-1051.82641372
-1051.82273584
-1051.81958300
-1051.81686507
-1051.81451451
-1051.81247041
-1051.81069640
-1051.80914431
-1051.80778281
-1051.80658446
-1051.80552635
-1051.80459199
