-1036.30429119
-1042.15828725
-1045.23912917
-1047.11396328
-1048.82806667
-1050.44556121
-1051.49891199
-1052.02032112
-1052.25077214
-1052.32057733
-1052.27573319
-1052.14934110
-1052.01167221
-1051.92040373
-1051.88478536
-1051.87136355
-1051.85862736
-1051.84440342
-1051.83120841
-1051.82028593
-1051.81125440
-1051.80373371
-1051.79742932
-1051.79211328
-1051.78760573
-1051.78376389
-1051.78047374
-1051.77764197
-1051.77519553
-1051.77307251
-1051.77122558
-1051.76961156
-1051.76819562
-1051.76695007
-1051.76585189
-1051.76488081
