-1036.33386350
-1042.19568901
-1045.28485410
-1047.16020518
-1048.86946104
-1050.48566631
-1051.53657103
-1052.05113989
-1052.27710312
-1052.34655873
-1052.30261852
-1052.17780029
-1052.04166899
-1051.95160195
-1051.91717417
-1051.90501300
-1051.89342375
-1051.88013015
-1051.86772843
-1051.85744494
-1051.84889782
-1051.84175446
-1051.83575132
-1051.83067881
-1051.82637008
-1051.82269382
-1051.81953777
-1051.81682291
-1051.81447728
-1051.81244217
-1051.81066955
-1051.80911925
-1051.80775835
-1051.80656358
-1051.80550600
-1051.80457348
