-1033.52723812
-1039.41879304
-1042.54338353
-1044.45945152
-1046.20514292
-1047.85249729
-1048.92616369
-1049.44511576
-1049.65951614
-1049.71431055
-1049.65889524
-1049.52272352
-1049.37187194
-1049.26561884
-1049.21696763
-1049.19377934
-1049.17411300
-1049.15509613
-1049.13831301
-1049.12431717
-1049.11276276
-1049.10325391
-1049.09544876
-1049.08901186
-1049.08385238
-1049.07973569
-1049.07631386
-1049.07348539
-1049.07110817
-1049.06902722
-1049.06725499
-1049.06581386
-1049.06477950
-1049.06400446
-1049.06325012
-1049.06270741
