-1036.77066040
-1042.64697788
-1045.73045212
-1047.60266358
-1049.31817766
-1050.92355500
-1051.96912826
-1052.49222577
-1052.71133913
-1052.76113900
-1052.69525252
-1052.55615462
-1052.40928923
-1052.30657237
-1052.25960814
-1052.23684386
-1052.21679303
-1052.19679632
-1052.17903646
-1052.16442260
-1052.15233169
-1052.14226004
-1052.13381714
-1052.12669784
-1052.12066127
-1052.11551624
-1052.11111002
-1052.10731769
-1052.10404140
-1052.10119822
-1052.09872480
-1052.09656329
-1052.09466705
-1052.09299899
-1052.09152830
-1052.09022782
