-1036.32572186
-1042.18772851
-1045.27763594
-1047.15388897
-1048.86397010
-1050.48100518
-1051.53233660
-1052.04716119
-1052.27340912
-1052.34313570
-1052.29944565
-1052.17489876
-1052.03904491
-1051.94919374
-1051.91501425
-1051.90305726
-1051.89168340
-1051.87857351
-1051.86627987
-1051.85617913
-1051.84779292
-1051.84079633
-1051.83494684
-1051.83001197
-1051.82582433
-1051.82226027
-1051.81921364
-1051.81660132
-1051.81432686
-1051.81236001
-1051.81066442
-1051.80915486
-1051.80782897
-1051.80666973
-1051.80563768
-1051.80471336
