-1036.31232017
-1042.17580825
-1045.26722501
-1047.14403968
-1048.85406947
-1050.47116952
-1051.52332047
-1052.03916722
-1052.26627931
-1052.33682043
-1052.29355343
-1052.16931436
-1052.03357599
-1051.94396729
-1051.90995186
-1051.89820341
-1051.88696233
-1051.87403224
-1051.86195487
-1051.85192627
-1051.84366110
-1051.83677266
-1051.83096840
-1051.82605244
-1051.82193922
-1051.81842941
-1051.81536967
-1051.81274609
-1051.81048448
-1051.80850458
-1051.80675394
-1051.80521806
-1051.80385815
-1051.80265532
-1051.80159100
-1051.80064500
