-1036.23116783
-1042.10210415
-1045.19698907
-1047.08082368
-1048.79987432
-1050.42576835
-1051.47968973
-1051.99314389
-1052.21608295
-1052.28124322
-1052.23313151
-1052.10446718
-1051.96303997
-1051.86779945
-1051.82929589
-1051.81376932
-1051.79931357
-1051.78358625
-1051.76928352
-1051.75751401
-1051.74777754
-1051.73966743
-1051.73286894
-1051.72713626
-1051.72227544
-1051.71813250
-1051.71458448
-1051.71153079
-1051.70889261
-1051.70660321
-1051.70461153
-1051.70287101
-1051.70134410
-1051.70000093
-1051.69881669
-1051.69776950
