-8573.46661230
-8603.90821517
-8619.65559201
-8629.81626990
-8636.10208793
-8640.36894746
-8643.42589840
-8645.49988497
-8646.88983451
-8647.84218113
-8648.51046193
-8648.93831570
-8649.21365134
-8649.42288341
-8649.56845606
-8649.66732996
-8649.70875939
-8649.70374698
-8649.66486296
-8649.61875461
-8649.57857178
-8649.54424053
-8649.51408161
-8649.48820445
-8649.46590648
-8649.44659742
-8649.42978851
-8649.41508429
-8649.40216874
-8649.39077647
-8649.38068518
-8649.37172449
-8649.36375511
-8649.35663921
-8649.35025815
-8649.34451842
-8649.33933993
-8649.33465758
-8649.33042801
-8649.32659246
-8649.32310440
