-1036.29291088
-1042.15654372
-1045.24729116
-1047.12540778
-1048.83754689
-1050.45620187
-1051.50920554
-1052.02531782
-1052.25245595
-1052.32304333
-1052.28005875
-1052.15591333
-1052.02038907
-1051.93093040
-1051.89710358
-1051.88548826
-1051.87435949
-1051.86150176
-1051.84958409
-1051.83964007
-1051.83139680
-1051.82452586
-1051.81883368
-1051.81394838
-1051.80979931
-1051.80626666
-1051.80324038
-1051.80059746
-1051.79828614
-1051.79626313
-1051.79449290
-1051.79293589
-1051.79156516
-1051.79035525
-1051.78928527
-1051.78833609
