-8578.89534663
-8609.27510928
-8624.96383793
-8635.07062953
-8641.31060668
-8645.53724132
-8648.56113130
-8650.60713298
-8651.97434032
-8652.90990328
-8653.56677491
-8653.98998266
-8654.26266783
-8654.47320816
-8654.62013509
-8654.72069932
-8654.76408524
-8654.76217877
-8654.72607022
-8654.68209115
-8654.64367980
-8654.61066874
-8654.58146063
-8654.55609959
-8654.53410776
-8654.51496902
-8654.49829142
-8654.48370522
-8654.47089601
-8654.45960526
-8654.44960136
-8654.44071444
-8654.43280769
-8654.42574514
-8654.41940924
-8654.41370742
-8654.40856104
-8654.40390577
-8654.39969991
-8654.39588507
-8654.39241500
