-8578.40060616
-8608.79380171
-8624.49505117
-8634.61255603
-8640.86163783
-8645.09575285
-8648.12481600
-8650.17387553
-8651.54250205
-8652.47879354
-8653.13575309
-8653.55810317
-8653.82961805
-8654.03814487
-8654.18295978
-8654.28099163
-8654.32212475
-8654.31784246
-8654.27931678
-8654.23350850
-8654.19364547
-8654.15962947
-8654.12976836
-8654.10416314
-8654.08209851
-8654.06299364
-8654.04635834
-8654.03180030
-8654.01900736
-8654.00771917
-8653.99771527
-8653.98882835
-8653.98092160
-8653.97385905
-8653.96752315
-8653.96182132
-8653.95667495
-8653.95201968
-8653.94781382
-8653.94399898
-8653.94052890
