-1036.33387953
-1042.19570689
-1045.28487042
-1047.16022380
-1048.86948557
-1050.48569819
-1051.53661048
-1052.05118471
-1052.27715019
-1052.34661295
-1052.30268288
-1052.17787314
-1052.04174880
-1051.95169031
-1051.91727171
-1051.90511864
-1051.89353969
-1051.88025508
-1051.86785822
-1051.85758158
-1051.84903897
-1051.84189889
-1051.83589845
-1051.83082927
-1051.82652319
-1051.82284760
-1051.81969569
-1051.81697946
-1051.81462971
-1051.81258746
-1051.81080844
-1051.80925229
-1051.80788483
-1051.80668083
-1051.80561811
-1051.80467765
