5.7568177804480491E-003
1.6948828785443199E-002
-1.2567342607443655E-002
-3.0559609210650605E-003
8.4728446836895774E-003
-2.0106895155640406E-002
6.3134344389382119E-003
1.5907859420301720E-002
-1.3637673322406991E-002
-1.3519988914484013E-003
8.2892298948508501E-003
-2.0341537868592524E-002
-9.2674581783143799E-003
-3.7365422445812257E-003
-1.9542100472817396E-002
3.4265739848456447E-003
-4.4833052702812036E-003
-2.1307018074769396E-002
4.3459313464758748E-003
-3.0778503582360797E-003
-2.1391291605301919E-002
-9.9175669441408255E-003
-2.3369503781019087E-003
-1.9403817012984621E-002
1.1326529379355922E-002
1.8853124461551622E-002
-1.2559705952937010E-003
1.6809206217436253E-002
9.3711541351764842E-003
-1.0692324430828161E-002
1.2716036522997595E-002
1.8051658491415695E-002
-9.4914339416611907E-004
1.7470351236100662E-002
9.5182487738061060E-003
-9.0905490090606549E-003
1.6091690791254006E-002
-3.6900125299271307E-003
-1.4517444182049579E-002
2.1674984070161708E-002
-1.9624750623842115E-003
-3.1238246969670547E-003
2.1949843147107493E-002
-4.7004037299017181E-004
-2.6032562740027584E-003
1.5426178659404346E-002
-2.4336494642605319E-003
-1.5287454783997753E-002
2.0699477367834142E-003
2.0542127862286826E-002
7.3050230152880286E-003
1.3953758364517618E-002
1.3110078223512137E-002
1.0827041875761865E-002
2.2830086734805240E-003
2.0003728733571115E-002
8.9865884868079171E-003
1.2693426418183239E-002
1.3258827658124755E-002
1.1952495594687822E-002
1.9028409608393311E-002
4.4333601532619502E-004
1.0769583629616185E-002
9.9185847666585052E-003
2.3336139093105362E-003
1.9405096554018470E-002
9.2658519105334528E-003
3.7349040550068045E-003
1.9541322778330886E-002
1.9516121828527751E-002
1.7474376038239038E-003
9.7495340407959610E-003
-9.0559627423188547E-003
2.0011031390620573E-002
1.4241865422223530E-003
-7.5948841596378130E-003
1.4418517115501545E-002
1.4540548695792264E-002
-1.0448741811480707E-002
1.9210776160490172E-002
2.1574747026216149E-003
-9.1524436513508289E-003
1.4416450186487283E-002
1.3831047179895237E-002
-4.3445908762944291E-003
3.0778617389185395E-003
2.1391394750161136E-002
-1.5425100866790468E-002
2.4301302295946657E-003
1.5288993966444640E-002
-1.6090807970665196E-002
3.6897308066026198E-003
1.4515425623293464E-002
-3.4270327938515110E-003
4.4822885759169956E-003
2.1309556795780255E-002
-6.9072363328119765E-003
1.7795698228755062E-002
-1.0992157972163498E-002
-1.8152935528909040E-002
1.1556186546590757E-002
-4.4451356390296697E-003
-7.8260324772139647E-003
1.6589667985348361E-002
-1.1762308669664536E-002
-1.7928520980458506E-002
1.1322289953886552E-002
-6.1700838818197689E-003
-2.1948817801005539E-002
4.7061994821863076E-004
2.6043819647619320E-003
-1.9515895010085289E-002
-1.7520314307372981E-003
-9.7491041030737489E-003
-1.9028212652643331E-002
-4.4271943561822693E-004
-1.0771267503844740E-002
-2.1676599256306030E-002
1.9612502641938906E-003
3.1225717687762269E-003
-5.7611370148255153E-003
-1.6948958084391327E-002
1.2564583727644537E-002
-1.7471075311692390E-002
-9.5165271276475612E-003
9.0869143894327670E-003
-1.6810697043520263E-002
-9.3673843180426802E-003
1.0693422327170942E-002
-6.3167126752057580E-003
-1.5911463346142813E-002
1.3638568365554720E-002
6.9015206334394012E-003
-1.7793883469150087E-002
1.0995663572274862E-002
1.3504593754762961E-003
-8.2899305208077693E-003
2.0340454594045765E-002
3.0562405466327941E-003
-8.4697723556163181E-003
2.0105868857168162E-002
7.8263745052237731E-003
-1.6589540993189069E-002
1.1764341515929701E-002
9.0563758929076092E-003
-2.0008394651593188E-002
-1.4196069513697140E-003
1.7926308360076231E-002
-1.1320705013111233E-002
6.1709677814938248E-003
1.8153874656193416E-002
-1.1554340426780083E-002
4.4429916381924480E-003
1.0451720652124536E-002
-1.9212910043325756E-002
-2.1543153188290738E-003
-2.0669760645741571E-003
-2.0542494500427829E-002
-7.3061733348257444E-003
9.1521827217850432E-003
-1.4414053485883942E-002
-1.3829343441297099E-002
7.5934809192782695E-003
-1.4420386248266458E-002
-1.4541452997672073E-002
-2.2779971455172796E-003
-2.0007047537579151E-002
-8.9883769811363642E-003
-1.1327133359657947E-002
-1.8854004736246505E-002
1.2516735565750968E-003
-1.2691085715312347E-002
-1.3256036062931383E-002
-1.1951755180280318E-002
-1.3956722901303628E-002
-1.3108174245726897E-002
-1.0827970884127555E-002
-1.2715326598858481E-002
-1.8054490595199455E-002
9.4995240258681675E-004
