-8578.70185505
-8609.10206986
-8624.80619148
-8634.92464754
-8641.17185596
-8645.40151373
-8648.42751929
-8650.47216715
-8651.83633556
-8652.76926388
-8653.42481268
-8653.84717464
-8654.11822432
-8654.32699993
-8654.47303089
-8654.57191104
-8654.61307912
-8654.60919212
-8654.57093023
-8654.52513206
-8654.48527153
-8654.45125719
-8654.42139662
-8654.39579165
-8654.37372705
-8654.35462218
-8654.33798688
-8654.32342884
-8654.31063590
-8654.29934771
-8654.28934381
-8654.28045689
-8654.27255014
-8654.26548759
-8654.25915169
-8654.25344986
-8654.24830349
-8654.24364822
-8654.23944236
-8654.23562752
-8654.23215744
