-8577.19629281
-8607.60270980
-8623.31920668
-8633.45147943
-8639.71129302
-8643.95569581
-8646.99501641
-8649.05668220
-8650.43760352
-8651.38408764
-8652.04858354
-8652.47523727
-8652.75035163
-8652.96116379
-8653.10901910
-8653.21084232
-8653.25536676
-8653.25407281
-8653.21889568
-8653.17620737
-8653.13901873
-8653.10741760
-8653.07974987
-8653.05565051
-8653.03473880
-8653.01651243
-8653.00070861
-8652.98685967
-8652.97452337
-8652.96357325
-8652.95375655
-8652.94498296
-8652.93710766
-8652.93002897
-8652.92363425
-8652.91785983
-8652.91264877
-8652.90793975
-8652.90368749
-8652.89983603
-8652.89633441
