NaN
-8602.26109817
-8618.00446769
-8628.17249193
-8634.45724145
-8638.70344457
-8641.74457364
-8643.81613655
-8645.20002760
-8646.14501080
-8646.80284519
-8647.22592885
-8647.48850551
-8647.68237917
-8647.81061684
-8647.89386927
-8647.92270430
-8647.90870394
-8647.86367567
-8647.81336434
-8647.77020879
-8647.73370626
-8647.70181090
-8647.67449961
-8647.65096809
-8647.63059751
-8647.61286709
-8647.59735644
-8647.58373153
-8647.57171405
-8647.56106846
-8647.55161486
-8647.54320615
-8647.53569811
-8647.52896462
-8647.52290693
-8647.51744120
-8647.51249904
-8647.50803520
-8647.50398831
-8647.50030871
