-8574.56817963
-8604.99736607
-8620.73582495
-8630.88878338
-8637.16684101
-8641.42651425
-8644.47778056
-8646.54752573
-8647.93426883
-8648.88473532
-8649.55183285
-8649.97917135
-8650.25397789
-8650.46306880
-8650.60850038
-8650.70734914
-8650.74873758
-8650.74367323
-8650.70468527
-8650.65849000
-8650.61818968
-8650.58373982
-8650.55347966
-8650.52752415
-8650.50515323
-8650.48578530
-8650.46892567
-8650.45417583
-8650.44121807
-8650.42978897
-8650.41966357
-8650.41067169
-8650.40267411
-8650.39553261
-8650.38912808
-8650.38336697
-8650.37816898
-8650.37346876
-8650.36922294
-8650.36537254
-8650.36187092
