-1036.33383034
-1042.19563300
-1045.28475563
-1047.16006086
-1048.86929067
-1050.48548617
-1051.53637348
-1052.05092549
-1052.27687692
-1052.34633032
-1052.30238880
-1052.17756616
-1052.04142874
-1051.95135787
-1051.91693799
-1051.90477848
-1051.89319206
-1051.87990573
-1051.86750174
-1051.85721859
-1051.84868707
-1051.84155595
-1051.83556678
-1051.83050372
-1051.82621022
-1051.82254851
-1051.81941032
-1051.81670566
-1051.81437150
-1051.81234049
-1051.81057297
-1051.80903432
-1051.80768323
-1051.80649516
-1051.80544756
-1051.80452064
