-1036.28663219
-1042.15441167
-1045.25012482
-1047.13096747
-1048.84512986
-1050.46502310
-1051.51922681
-1052.03655636
-1052.26444743
-1052.33521602
-1052.29232740
-1052.16831055
-1052.03294119
-1051.94350232
-1051.90952812
-1051.89809527
-1051.88697032
-1051.87410017
-1051.86202628
-1051.85217116
-1051.84393669
-1051.83698877
-1051.83115941
-1051.82626728
-1051.82206439
-1051.81842196
-1051.81526577
-1051.81252758
-1051.81015140
-1051.80808310
-1051.80627187
-1051.80468644
-1051.80328795
-1051.80205579
-1051.80097179
-1051.80001633
