-1036.33387953
-1042.19570689
-1045.28487042
-1047.16022380
-1048.86948557
-1050.48569819
-1051.53661037
-1052.05118469
-1052.27715066
-1052.34661378
-1052.30268413
-1052.17787498
-1052.04175111
-1051.95169328
-1051.91727529
-1051.90512293
-1051.89354468
-1051.88026079
-1051.86786505
-1051.85758969
-1051.84904835
-1051.84190969
-1051.83591060
-1051.83084218
-1051.82653749
-1051.82286345
-1051.81971291
-1051.81699786
-1051.81464967
-1051.81260919
-1051.81083191
-1051.80927687
-1051.80791136
-1051.80670855
-1051.80564674
-1051.80470671
