-8540.70268870
-8571.17889875
-8586.96563826
-8597.17044826
-8603.49798059
-8607.79428801
-8610.87519030
-8612.97365740
-8614.38793449
-8615.35708129
-8616.03061871
-8616.45776653
-8616.72612104
-8616.92727873
-8617.06273578
-8617.15278120
-8617.18733239
-8617.17897738
-8617.13815191
-8617.09118774
-8617.05084795
-8617.01671743
-8616.98683091
-8616.96123241
-8616.93916980
-8616.92006493
-8616.90342963
-8616.88887159
-8616.87607865
-8616.86479046
-8616.85478656
-8616.84589964
-8616.83799289
-8616.83093034
-8616.82459444
-8616.81889261
-8616.81374624
-8616.80909097
-8616.80488511
-8616.80107027
-8616.79760019
