-1036.33387911
-1042.19570569
-1045.28486890
-1047.16022103
-1048.86948250
-1050.48569322
-1051.53660404
-1052.05117744
-1052.27714230
-1052.34660443
-1052.30267232
-1052.17786097
-1052.04173434
-1051.95167376
-1051.91725275
-1051.90509832
-1051.89351703
-1051.88022951
-1051.86782986
-1051.85755075
-1051.84900612
-1051.84186255
-1051.83585823
-1051.83078586
-1051.82647615
-1051.82279717
-1051.81964408
-1051.81692538
-1051.81457483
-1051.81253346
-1051.81075406
-1051.80919799
-1051.80783125
-1051.80662741
-1051.80556402
-1051.80462692
