-1036.02728700
-1041.89527429
-1044.98676334
-1046.86200140
-1048.57131885
-1050.18779312
-1051.23838302
-1051.75278776
-1051.98024827
-1052.05130072
-1052.00908069
-1051.88607820
-1051.75245803
-1051.66481965
-1051.63196902
-1051.62063968
-1051.60969446
-1051.59682087
-1051.58478993
-1051.57476571
-1051.56639560
-1051.55935377
-1051.55341521
-1051.54839171
-1051.54413793
-1051.54052649
-1051.53743546
-1051.53477509
-1051.53247671
-1051.53048218
-1051.52874702
-1051.52723068
-1051.52590043
-1051.52473025
-1051.52369853
-1051.52278621
