NaN
-8605.97395440
-8621.73000406
-8631.86620322
-8638.13961734
-8642.39224997
-8645.43540584
-8647.49198370
-8648.86174978
-8649.79587682
-8650.44759165
-8650.86082317
-8651.12330565
-8651.32190813
-8651.45880644
-8651.55072904
-8651.58664991
-8651.57725795
-8651.53483904
-8651.48586550
-8651.44328463
-8651.40693296
-8651.37507401
-8651.34776031
-8651.32422693
-8651.30385634
-8651.28612593
-8651.27061527
-8651.25699037
-8651.24497289
-8651.23432729
-8651.22487369
-8651.21646498
-8651.20895695
-8651.20222345
-8651.19616576
-8651.19070003
-8651.18575788
-8651.18129404
-8651.17724714
-8651.17356755
