-1036.33387953
-1042.19570689
-1045.28487042
-1047.16022389
-1048.86948575
-1050.48569785
-1051.53660950
-1052.05118342
-1052.27714878
-1052.34661130
-1052.30268093
-1052.17787105
-1052.04174640
-1051.95168752
-1051.91726903
-1051.90511532
-1051.89353575
-1051.88024982
-1051.86785261
-1051.85757516
-1051.84903248
-1051.84189191
-1051.83589069
-1051.83082005
-1051.82651337
-1051.82283762
-1051.81968446
-1051.81696650
-1051.81461582
-1051.81257304
-1051.81079312
-1051.80923706
-1051.80786978
-1051.80666626
-1051.80560472
-1051.80466402
