-8417.70935091
-8448.40667409
-8464.41318411
-8474.83113733
-8481.36808131
-8485.87678468
-8489.16456858
-8491.45683640
-8493.04997252
-8494.19030124
-8495.03086570
-8495.61518253
-8496.02981154
-8496.36230664
-8496.61520433
-8496.80671548
-8496.92694734
-8496.98941311
-8497.00799396
-8497.01068253
-8497.01196553
-8497.01297802
-8497.01297801
-8497.01297803
-8497.01297801
-8497.01297801
-8497.01297802
-8497.01297801
-8497.01297802
-8497.01297801
-8497.01297801
-8497.01297802
-8497.01297803
-8497.01297802
-8497.01297801
-8497.01297802
-8497.01297804
-8497.01297802
-8497.01297802
-8497.01297801
-8497.01297802
