-1036.33387658
-1042.19570241
-1045.28486481
-1047.16021560
-1048.86947672
-1050.48568781
-1051.53659926
-1052.05117120
-1052.27713499
-1052.34659439
-1052.30266117
-1052.17784810
-1052.04172099
-1051.95166067
-1051.91723842
-1051.90508130
-1051.89349804
-1051.88021007
-1051.86780900
-1051.85752714
-1051.84898005
-1051.84183507
-1051.83582908
-1051.83075663
-1051.82644714
-1051.82276993
-1051.81961653
-1051.81689924
-1051.81454823
-1051.81250617
-1051.81072747
-1051.80916996
-1051.80780496
-1051.80660399
-1051.80554604
-1051.80460962
