-8573.09787069
-8603.47448588
-8619.17998934
-8629.33009313
-8635.59713791
-8639.83338490
-8642.86472006
-8644.92918532
-8646.30873578
-8647.25263111
-8647.91115139
-8648.33566674
-8648.59885921
-8648.79730979
-8648.93221696
-8649.02201025
-8649.05636614
-8649.04765764
-8649.00673557
-8648.95976338
-8648.91942061
-8648.88528946
-8648.85540294
-8648.82980443
-8648.80774183
-8648.78863695
-8648.77200165
-8648.75744361
-8648.74465067
-8648.73336248
-8648.72335858
-8648.71447166
-8648.70656491
-8648.69950236
-8648.69316646
-8648.68746464
-8648.68231826
-8648.67766299
-8648.67345713
-8648.66964229
-8648.66617221
