-1026.58030028
-1032.58162485
-1035.80356383
-1037.80536470
-1039.63356415
-1041.35925782
-1042.50916110
-1043.11219496
-1043.41629952
-1043.55375887
-1043.56806089
-1043.49248289
-1043.39760263
-1043.34179064
-1043.33546181
-1043.34612099
-1043.35305142
-1043.35487887
-1043.35490918
-1043.35490919
-1043.35490916
-1043.35490918
-1043.35490918
-1043.35490918
-1043.35490919
-1043.35490915
-1043.35490918
-1043.35490919
-1043.35490918
-1043.35490919
-1043.35490916
-1043.35490917
-1043.35490918
-1043.35490917
-1043.35490918
-1043.35490916
