-8589.02600818
-8619.37913647
-8635.05226485
-8645.15150359
-8651.38478181
-8655.60494553
-8658.61823570
-8660.65013022
-8661.99987843
-8662.91411351
-8663.54559154
-8663.93829262
-8664.18035608
-8664.35880968
-8664.47637291
-8664.55022530
-8664.56965052
-8664.54523403
-8664.48942242
-8664.42877503
-8664.37605358
-8664.33087338
-8664.29140024
-8664.25752167
-8664.22829444
-8664.20298030
-8664.18093547
-8664.16164033
-8664.14468289
-8664.12971864
-8664.11645707
-8664.10467664
-8664.09419450
-8664.08483213
-8664.07643296
-8664.06887372
-8664.06205047
-8664.05587917
-8664.05030395
-8664.04524798
-8664.04065049
