-1036.01487777
-1041.88680487
-1044.97916320
-1046.85644669
-1048.59220828
-1050.24089536
-1051.31883090
-1051.84224171
-1052.05766362
-1052.11613666
-1052.06407178
-1051.93155846
-1051.78522837
-1051.68226507
-1051.63493017
-1051.61176276
-1051.59134677
-1051.57104187
-1051.55302761
-1051.53820412
-1051.52593960
-1051.51572331
-1051.50715916
-1051.49993761
-1051.49381436
-1051.48859545
-1051.48412596
-1051.48027918
-1051.47695585
-1051.47407187
-1051.47156294
-1051.46937040
-1051.46744694
-1051.46575494
-1051.46426314
-1051.46294399
-1026.58030028
-1032.58162485
-1035.80356381
-1037.80536468
-1039.63356414
-1041.35925780
