-1033.82814633
-1039.71376538
-1042.83534561
-1044.75308085
-1046.50348075
-1048.14649376
-1049.22413750
-1049.75857439
-1049.98780047
-1050.05016999
-1049.99801247
-1049.86536508
-1049.71893238
-1049.61588261
-1049.56848444
-1049.54528410
-1049.52485751
-1049.50455100
-1049.48653673
-1049.47171324
-1049.45944872
-1049.44923243
-1049.44066828
-1049.43344674
-1049.42732348
-1049.42210457
-1049.41763509
-1049.41378831
-1049.41046498
-1049.40758099
-1049.40507206
-1049.40287952
-1049.40095606
-1049.39926406
-1049.39777226
-1049.39645311
