-8561.96995707
-8592.39431068
-8608.13995639
-8618.30844671
-8624.60459348
-8628.87529146
-8631.92825168
-8633.99889849
-8635.38799290
-8636.33109749
-8636.97267980
-8637.36437615
-8637.60104231
-8637.76912835
-8637.87122576
-8637.93049310
-8637.93866572
-8637.90710875
-8637.84720310
-8637.78434787
-8637.73059904
-8637.68510951
-8637.64554155
-8637.61163927
-8637.58241453
-8637.55709926
-8637.53505381
-8637.51575979
-8637.49880279
-8637.48383716
-8637.47057605
-8637.45879821
-8637.44831466
-8637.43895102
-8637.43055191
-8637.42299211
-8637.41616919
-8637.40999955
-8637.40442391
-8637.39936751
-8637.39477092
