-1036.37381631
-1042.23603513
-1045.33996103
-1047.22682142
-1048.93957424
-1050.55773686
-1051.60736035
-1052.11738740
-1052.34148202
-1052.40377358
-1052.34906049
-1052.21505591
-1052.07250933
-1051.97698185
-1051.93715029
-1051.92045428
-1051.90556974
-1051.88984216
-1051.87558420
-1051.86385149
-1051.85414547
-1051.84606072
-1051.83928347
-1051.83356870
-1051.82872305
-1051.82459305
-1051.82105610
-1051.81801193
-1051.81538199
-1051.81309972
-1051.81111425
-1051.80937916
-1051.80785701
-1051.80651801
-1051.80533746
-1051.80429353
