-1036.32292313
-1042.18509111
-1045.27547684
-1047.15189170
-1048.86222861
-1050.47950586
-1051.53110379
-1052.04603185
-1052.27246589
-1052.34248736
-1052.29907895
-1052.17476611
-1052.03906491
-1051.94933938
-1051.91521320
-1051.90321116
-1051.89190671
-1051.87886069
-1051.86670098
-1051.85663609
-1051.84830357
-1051.84135761
-1051.83550114
-1051.83060714
-1051.82645333
-1051.82289215
-1051.81984378
-1051.81725578
-1051.81498670
-1051.81299896
-1051.81128404
-1051.80977842
-1051.80844189
-1051.80725600
-1051.80620059
-1051.80526257
