-1055.15912250
-1058.70004513
-1061.33839137
-1063.27894638
-1064.74183629
-1065.95130883
-1066.96638928
-1067.90538196
-1068.81557637
-1069.61001979
-1070.23412069
-1070.73911714
-1071.14636999
-1071.43851651
-1071.63091144
-1071.75428761
-1071.83396464
-1071.88462085
-1071.91568531
-1071.93370450
-1071.94321932
-1071.94307388
-1071.93898491
-1071.93299689
-1071.92259457
-1071.90880720
-1071.89384609
-1071.87634113
-1071.85757114
-1071.83944208
-1071.82261185
-1071.80790845
-1071.79566387
-1071.78567646
-1071.77715792
-1071.76968896
-1071.76284603
-1071.75667348
-1071.75105768
-1071.74592779
-1071.74128329
