-8580.30474200
-8610.70177450
-8626.39594688
-8636.50763129
-8642.77042447
-8647.02713929
-8650.08836452
-8652.15852717
-8653.54705520
-8654.49335545
-8655.14944106
-8655.56794890
-8655.83839855
-8656.03941772
-8656.17770618
-8656.27084746
-8656.30780328
-8656.29919683
-8656.25738284
-8656.20890904
-8656.16674555
-8656.13073341
-8656.09914851
-8656.07205798
-8656.04870706
-8656.02848513
-8656.01087521
-8655.99546291
-8655.98191847
-8655.96996609
-8655.95937320
-8655.94996301
-8655.94159017
-8655.93411120
-8655.92740181
-8655.92136371
-8655.91591405
-8655.91098523
-8655.90653160
-8655.90249183
-8655.89881741
