1.3000000000040757E-005
9.9999999999544897E-006
9.9999999999544897E-006
6.0999999999644672E-005
9.9999999996214228E-006
8.0000000000080007E-006
1.2999999999929734E-005
1.0000000000065512E-005
1.0999999999983245E-005
3.0000000000196536E-005
8.9999999999257341E-006
6.0000000000615117E-006
1.2000000000012001E-005
5.9999999999504894E-006
2.4000000000246047E-005
3.2000000000032003E-005
8.0000000000080007E-006
6.9999999999792450E-006
6.0000000000615117E-006
9.0000000000367564E-006
9.0000000000367564E-006
1.1000000000094268E-005
1.0999999999983245E-005
3.3000000000171781E-005
6.9999999998682227E-006
9.0000000000367564E-006
8.0000000000080007E-006
5.9999999999504894E-006
5.9999999999504894E-006
9.0000000000367564E-006
6.9999999999792450E-006
1.0000000000065512E-005
4.6000000000212538E-005
1.1999999999900979E-005
8.9999999999257341E-006
1.6000000000016001E-005
