3.4000000000311559E-005
1.3999999999958490E-005
1.0000000000065512E-005
2.4000000000246047E-005
1.3000000000040757E-005
1.0999999999983245E-005
1.0000000000065512E-005
1.9999999999686935E-005
1.4000000000180535E-005
8.9999999999257341E-006
8.9999999999257341E-006
1.2999999999818712E-005
2.7000000000221291E-005
8.9999999999257341E-006
1.0999999999983245E-005
1.0000000000065512E-005
2.0999999999382624E-005
1.9999999999686935E-005
8.0000000000080007E-006
8.9999999999257341E-006
1.8999999999991246E-005
3.1000000000336314E-005
1.1000000000205290E-005
8.9999999999257341E-006
1.0000000000065512E-005
1.1000000000205290E-005
1.6000000000016001E-005
2.1000000000270802E-005
8.9999999999257341E-006
8.9999999999257341E-006
8.9999999999257341E-006
1.4000000000180535E-005
3.2000000000032003E-005
5.9999999999504894E-006
6.9999999998682227E-006
8.0000000000080007E-006
