4.0000000000040004E-006
5.0000000000327560E-006
1.0000000000065512E-005
1.3999999999736445E-005
8.9999999999257341E-006
2.9999999999752447E-006
3.0000000000862670E-006
2.9999999999752447E-006
1.9999999999464890E-006
4.0000000000040004E-006
5.0000000000327560E-006
4.9999999999217337E-006
9.0000000001477787E-006
1.3999999999736445E-005
6.0000000001725340E-006
2.9999999999752447E-006
3.0000000000862670E-006
3.0000000000862670E-006
2.9999999999752447E-006
4.0000000000040004E-006
2.9999999999752447E-006
5.0000000000327560E-006
2.9999999999752447E-006
2.9999999999752447E-006
5.0000000000327560E-006
5.0000000000327560E-006
4.0000000000040004E-006
4.0000000000040004E-006
8.0000000000080007E-006
1.5999999999571912E-005
2.1000000000270802E-005
8.9999999999257341E-006
4.0000000000040004E-006
4.0000000000040004E-006
2.9999999999752447E-006
2.9999999999752447E-006
