3.2000000000032003E-005
1.7999999999851468E-005
1.6000000000016001E-005
3.3999999999423380E-005
1.5000000000098268E-005
1.8000000000295557E-005
1.5999999999571912E-005
1.6000000000016001E-005
2.4999999999941735E-005
1.1999999999900979E-005
2.6000000000081513E-005
2.0000000000131024E-005
1.7999999999851468E-005
2.9999999999752447E-005
2.9999999999752447E-005
1.6000000000016001E-005
2.1999999999966491E-005
2.8999999999612669E-005
1.8000000000073513E-005
1.8999999999991246E-005
2.7000000000221291E-005
1.6999999999711690E-005
1.6000000000016001E-005
1.4999999999876223E-005
3.3999999999867470E-005
3.8999999999678181E-005
1.2000000000123023E-005
2.0999999999826713E-005
2.2999999999662180E-005
1.5000000000098268E-005
1.7999999999851468E-005
1.8999999999991246E-005
1.1999999999900979E-005
1.3000000000040757E-005
1.3999999999958490E-005
1.0999999999983245E-005
