3.0000000000640625E-005
1.6000000000016001E-005
2.8999999999612669E-005
2.1000000000270802E-005
1.8999999999991246E-005
3.2999999999283602E-005
1.7000000000155779E-005
2.3000000000550358E-005
2.6000000000081513E-005
2.0999999999826713E-005
1.7999999999851468E-005
2.9999999999752447E-005
2.0999999999826713E-005
2.8999999999612669E-005
1.7000000000155779E-005
2.0000000000131024E-005
3.2000000000032003E-005
1.6999999999711690E-005
1.8999999999991246E-005
2.7999999999916980E-005
2.9000000000056758E-005
2.1000000000270802E-005
2.1999999999966491E-005
1.7000000000155779E-005
2.2999999998774001E-005
4.6000000001100716E-005
8.0000000002300453E-006
5.7999999999225338E-005
1.4000000000180535E-005
6.2999999999036049E-005
1.9999999999686935E-005
6.0000000001281251E-005
1.4999999999432134E-005
1.6000000000460091E-005
1.5999999999571912E-005
2.1999999999522402E-005
