1.8999999999991246E-005
2.1000000000270802E-005
2.5000000000829914E-005
1.1999999999900979E-005
3.5000000000451337E-005
1.6000000000016001E-005
2.2000000000410580E-005
1.3000000000040757E-005
2.9000000000500847E-005
1.4000000000180535E-005
2.4000000000690136E-005
1.6000000000016001E-005
2.5999999999637424E-005
1.3000000000040757E-005
2.1999999999966491E-005
1.4999999999876223E-005
2.0000000000131024E-005
1.3000000000040757E-005
2.0999999999826713E-005
1.3000000000040757E-005
1.8999999999991246E-005
1.6999999999711690E-005
1.7999999999851468E-005
2.2000000000410580E-005
1.2000000000123023E-005
1.9999999999686935E-005
2.8999999999612669E-005
1.1999999999900979E-005
1.3999999999958490E-005
1.8999999999991246E-005
1.2000000000123023E-005
1.4999999999876223E-005
3.2000000000032003E-005
1.4999999999876223E-005
1.6000000000016001E-005
1.8999999999991246E-005
