1.1000000000205290E-005
2.3999999999801958E-005
3.0999999999892225E-005
2.0999999999826713E-005
1.5000000001208491E-005
3.2000000000032003E-005
1.3000000000040757E-005
2.4000000001578314E-005
1.2000000000345068E-005
2.1999999999522402E-005
2.2000000000410580E-005
2.1000000000270802E-005
1.8000000000739647E-005
1.6000000000016001E-005
1.7999999999851468E-005
2.3999999999801958E-005
1.7000000000599869E-005
2.0000000000131024E-005
2.9999999999752447E-005
1.7999999999851468E-005
3.2000000000920181E-005
1.7000000000155779E-005
2.1000000000270802E-005
4.7000000000352316E-005
1.8999999999991246E-005
4.1000000000401826E-005
1.8999999999991246E-005
5.2000000000163027E-005
1.7000000000155779E-005
2.4000000001578314E-005
2.2000000000410580E-005
1.7000000000155779E-005
2.6000000000081513E-005
2.0000000000131024E-005
2.5000000000829914E-005
1.3000000000040757E-005
