8.0000000000080007E-006
1.0999999999983245E-005
1.3999999999958490E-005
3.0000000000196536E-005
1.0000000000065512E-005
1.0999999999983245E-005
8.9999999999257341E-006
1.6000000000016001E-005
2.2000000000410580E-005
1.6000000000460091E-005
6.9999999999792450E-006
6.9999999999792450E-006
1.0999999999983245E-005
1.6999999999711690E-005
8.9999999999257341E-006
5.9999999999504894E-006
6.0000000000615117E-006
8.9999999999257341E-006
1.0999999999983245E-005
2.6000000000081513E-005
2.6000000000081513E-005
8.9999999999257341E-006
7.9999999998969784E-006
1.0000000000065512E-005
1.3000000000040757E-005
1.4000000000180535E-005
9.0000000000367564E-006
6.9999999999792450E-006
8.0000000000080007E-006
4.5000000000072760E-005
1.6999999999933735E-005
6.9999999999792450E-006
1.0999999999983245E-005
8.9999999999257341E-006
4.2999999999793204E-005
9.9999999998434674E-006
