1.6999999999711690E-005
9.9999999996214228E-006
3.4000000000311559E-005
2.0999999999826713E-005
1.9999999999686935E-005
2.2999999998774001E-005
2.3999999999801958E-005
1.8999999999991246E-005
2.3000000000550358E-005
2.8999999999612669E-005
1.8999999999991246E-005
2.3000000000550358E-005
1.9999999999686935E-005
1.7999999999851468E-005
6.2999999999036049E-005
1.5000000000320313E-005
1.8999999999991246E-005
2.3999999999801958E-005
1.4000000000180535E-005
1.8999999999991246E-005
4.0000000000262048E-005
1.9999999999686935E-005
1.8999999999991246E-005
2.8999999999612669E-005
1.1999999999900979E-005
2.1000000000270802E-005
2.6000000000081513E-005
1.7000000000599869E-005
3.0999999999892225E-005
1.8999999999991246E-005
1.5000000000320313E-005
2.3999999999801958E-005
1.6000000000016001E-005
2.1000000000270802E-005
1.4000000000180535E-005
1.8000000000739647E-005
