2.3999999999801958E-005
2.2999999999662180E-005
1.6000000000016001E-005
3.0999999999892225E-005
1.4000000000180535E-005
3.4000000000311559E-005
2.0000000000131024E-005
3.2000000000032003E-005
1.6000000000016001E-005
3.6999999999842714E-005
1.3000000000040757E-005
3.0999999999892225E-005
1.2000000000345068E-005
2.0999999999826713E-005
1.3000000000040757E-005
2.3999999999801958E-005
1.3999999999736445E-005
2.4999999999941735E-005
1.5999999999571912E-005
2.8000000000361069E-005
1.3000000000040757E-005
6.1999999999784450E-005
1.6000000000016001E-005
1.1999999999900979E-005
1.5999999999571912E-005
1.8999999999991246E-005
2.6000000000081513E-005
1.5000000000320313E-005
1.3999999999958490E-005
3.0999999999892225E-005
1.3999999999958490E-005
2.1999999999966491E-005
1.2000000000345068E-005
1.3000000000040757E-005
1.1000000000205290E-005
2.9999999999752447E-005
