1.6000000000460091E-005
3.6999999999842714E-005
5.1000000000023249E-005
2.9000000001389026E-005
1.3000000000040757E-005
3.5000000000451337E-005
1.4999999999876223E-005
5.2000000000163027E-005
2.1999999999966491E-005
3.9000000001010449E-005
1.7000000000155779E-005
1.8999999999991246E-005
1.6000000000460091E-005
1.4000000000180535E-005
1.7999999999851468E-005
1.6999999999711690E-005
1.3999999999736445E-005
1.3000000000040757E-005
3.0000000000640625E-005
1.6000000000016001E-005
2.2999999999662180E-005
1.6000000000016001E-005
2.0000000000131024E-005
1.6000000000016001E-005
1.6999999999711690E-005
1.6000000000460091E-005
6.1000000000532850E-005
1.0000000000065512E-005
1.4000000000180535E-005
3.3000000000171781E-005
1.0999999999983245E-005
1.8999999999991246E-005
3.6999999998954536E-005
1.6999999999933735E-005
1.2000000000123023E-005
2.4999999999941735E-005
