4.0000000000040004E-006
2.9999999999752447E-006
4.0000000000040004E-006
3.0000000000862670E-006
4.0000000000040004E-006
2.9999999999752447E-006
4.9999999999217337E-006
2.9999999999752447E-006
4.0000000000040004E-006
1.9999999999464890E-006
4.0000000000040004E-006
4.0000000000040004E-006
4.0000000000040004E-006
4.0000000000040004E-006
4.0000000000040004E-006
4.0000000000040004E-006
4.0000000000040004E-006
4.0000000000040004E-006
4.0000000000040004E-006
4.0000000000040004E-006
4.0000000000040004E-006
4.0000000000040004E-006
3.9999999998929781E-006
6.9999999999792450E-006
4.0000000000040004E-006
5.9999999999504894E-006
4.0000000000040004E-006
4.0000000000040004E-006
4.0000000000040004E-006
5.0000000000327560E-006
4.0000000000040004E-006
2.9999999999752447E-006
3.0000000000862670E-006
4.0000000000040004E-006
6.0000000000615117E-006
4.0000000000040004E-006
