4.0000000000040004E-006
6.9999999999792450E-006
4.8999999999743693E-005
4.0000000000040004E-006
4.0000000000040004E-006
6.0000000000615117E-006
2.9999999999752447E-006
4.0000000000040004E-006
1.0000000000065512E-005
2.1000000000270802E-005
8.0000000000080007E-006
2.9999999999752447E-006
4.0000000000040004E-006
4.0000000000040004E-006
2.9999999999752447E-006
4.0000000000040004E-006
4.0000000000040004E-006
5.0000000000327560E-006
9.0000000001477787E-006
2.0000000000131024E-005
1.0999999999761201E-005
4.0000000000040004E-006
3.9999999998929781E-006
2.9999999999974492E-005
8.9999999999257341E-006
3.0999999999892225E-005
6.9999999998682227E-006
2.9999999999752447E-006
8.9999999999257341E-006
4.0000000000040004E-006
4.0000000000040004E-006
3.9999999998929781E-006
1.5000000000098268E-005
1.7999999999851468E-005
2.9999999999752447E-006
4.0000000000040004E-006
