1.6000000000016001E-005
4.3999999999932982E-005
1.5000000000098268E-005
2.4000000000024002E-005
2.4999999999941735E-005
2.0999999999826713E-005
1.6000000000016001E-005
2.1000000000270802E-005
4.1999999999653426E-005
1.0999999999983245E-005
1.3000000000040757E-005
2.5000000000163780E-005
1.3000000000040757E-005
2.1000000000270802E-005
1.3000000000040757E-005
1.6000000000016001E-005
1.3999999999958490E-005
5.9999999999504894E-005
9.9999999998434674E-006
1.3999999999958490E-005
1.4999999999876223E-005
6.1999999999784450E-005
4.2000000000097515E-005
1.3999999999958490E-005
1.6999999999933735E-005
1.0999999999983245E-005
1.1999999999900979E-005
8.0000000000080007E-006
7.0000000000902673E-006
1.2000000000123023E-005
8.0000000000080007E-006
1.1999999999900979E-005
1.6000000000016001E-005
1.2000000000123023E-005
1.2000000000123023E-005
1.4999999999876223E-005
