3.3000000000171781E-005
1.4000000000180535E-005
2.4000000000690136E-005
1.6999999999711690E-005
2.7999999999472891E-005
1.6000000000016001E-005
3.2000000000920181E-005
1.5000000000098268E-005
3.5000000000007248E-005
1.8999999999991246E-005
1.6000000000016001E-005
2.8000000000361069E-005
9.9999999998434674E-006
3.6999999999842714E-005
1.8999999999991246E-005
2.3999999999801958E-005
1.6000000000016001E-005
1.3000000000040757E-005
1.7000000000155779E-005
1.1999999999900979E-005
1.5000000000098268E-005
2.8999999999612669E-005
1.4000000000180535E-005
1.2000000000123023E-005
2.7999999999916980E-005
1.4999999999876223E-005
1.0999999999983245E-005
1.3000000000040757E-005
1.9999999999686935E-005
1.3000000000040757E-005
1.0999999999983245E-005
8.0000000000080007E-006
1.8999999999991246E-005
2.4999999999941735E-005
1.6000000000016001E-005
9.9999999998434674E-006
