2.1000000000270802E-005
6.3000000000812406E-005
2.0000000000131024E-005
2.4999999999941735E-005
1.3000000000040757E-005
4.5000000000072760E-005
1.7000000000155779E-005
1.6999999999711690E-005
4.1000000000401826E-005
2.6000000000081513E-005
2.3999999999801958E-005
1.5999999999571912E-005
2.2999999999662180E-005
2.4999999999941735E-005
1.6000000000016001E-005
3.3000000000171781E-005
1.7000000000155779E-005
3.4000000000311559E-005
1.6000000000016001E-005
4.0000000000262048E-005
1.5000000000320313E-005
2.1999999999966491E-005
1.3999999999736445E-005
3.3999999999423380E-005
1.3000000000040757E-005
2.8000000000361069E-005
1.4999999999876223E-005
1.6000000000016001E-005
2.1000000000270802E-005
1.5999999999793957E-005
1.8999999999991246E-005
2.1000000000270802E-005
8.9999999999257341E-006
2.6000000000081513E-005
1.1999999999900979E-005
1.1999999999900979E-005
