2.4999999999941735E-005
7.9999999998969784E-006
6.9999999999792450E-006
2.0000000000131024E-005
5.0000000000327560E-006
6.9999999999792450E-006
9.9999999999544897E-006
1.2000000000012001E-005
7.0000000000902673E-006
1.8000000000073513E-005
1.8999999999991246E-005
1.8999999999991246E-005
3.1000000000114269E-005
2.1999999999966491E-005
1.7000000000155779E-005
1.4000000000180535E-005
5.0000000000327560E-006
1.7999999999962490E-005
1.5999999999571912E-005
1.8000000000073513E-005
1.5000000000098268E-005
1.0000000000065512E-005
9.0000000000367564E-006
9.9999999999544897E-006
1.0999999999983245E-005
2.7999999999916980E-005
1.4999999999876223E-005
5.0000000000327560E-006
9.0000000000367564E-006
1.6000000000016001E-005
1.6999999999933735E-005
1.8999999999991246E-005
1.0999999999983245E-005
2.8000000000361069E-005
2.4999999999941735E-005
1.0000000000065512E-005
