7.9999999998969784E-006
2.9999999999752447E-006
3.7999999999982492E-005
2.9999999999752447E-006
5.0000000000327560E-006
3.0000000000862670E-006
2.9999999999752447E-006
2.9999999999752447E-006
2.9999999999752447E-006
4.0000000000040004E-006
2.9999999999752447E-006
2.9999999999752447E-006
2.9999999999752447E-006
4.0000000000040004E-006
2.9999999999752447E-006
3.0000000000862670E-006
2.9999999999752447E-006
2.9999999999752447E-006
4.0000000000040004E-006
5.9999999999504894E-006
2.9999999999752447E-006
3.0000000000862670E-006
4.0000000000040004E-006
4.0000000000040004E-006
2.9999999999752447E-006
4.0000000000040004E-006
4.0000000000040004E-006
3.0000000000862670E-006
2.0000000000575113E-006
4.0000000000040004E-006
4.0000000000040004E-006
4.0000000000040004E-006
4.0000000000040004E-006
4.0000000000040004E-006
4.0000000000040004E-006
6.9999999999792450E-006
