1.5000000000098268E-005
1.4999999999987246E-005
1.4000000000069512E-005
1.0999999999983245E-005
1.2999999999929734E-005
3.4999999999563158E-005
8.0000000000080007E-006
2.6000000000081513E-005
4.4999999999961737E-005
7.0000000000902673E-006
2.6000000000081513E-005
5.0000000000327560E-006
6.0000000000615117E-006
1.0999999999761201E-005
9.0000000000367564E-006
7.0000000000902673E-006
1.3999999999292356E-005
9.9999999999544897E-006
1.1999999999900979E-005
1.6999999999933735E-005
6.0000000000615117E-006
7.0000000000902673E-006
1.6000000000016001E-005
1.0000000000065512E-005
1.0000000000065512E-005
6.9999999999792450E-006
1.8000000000073513E-005
1.0000000000065512E-005
6.0000000000615117E-006
5.0000000000327560E-006
1.3999999999736445E-005
4.0000000000040004E-006
1.4000000000069512E-005
1.3999999999958490E-005
6.9999999999792450E-006
1.0999999999983245E-005
