1.6000000000460091E-005
1.2999999999152578E-005
1.8999999999991246E-005
3.2000000000032003E-005
1.4999999999876223E-005
2.3999999999801958E-005
2.0000000000131024E-005
1.7000000000599869E-005
2.6000000000081513E-005
1.6000000000016001E-005
2.1999999999966491E-005
1.5000000000320313E-005
1.3000000000040757E-005
3.0000000000196536E-005
1.4999999999432134E-005
1.5000000000098268E-005
1.4999999999876223E-005
2.6000000000081513E-005
1.0000000000065512E-005
1.3999999999958490E-005
1.4999999999876223E-005
2.2999999999662180E-005
1.0999999999983245E-005
4.0999999999957737E-005
1.8999999999991246E-005
2.2000000000410580E-005
1.3999999999958490E-005
1.2000000000123023E-005
3.5000000000007248E-005
1.4000000000180535E-005
6.9999999998682227E-006
8.9999999999257341E-006
2.1000000000270802E-005
2.2000000000410580E-005
1.0999999999983245E-005
1.1999999999900979E-005
