2.9999999999752447E-005
1.7999999999851468E-005
1.1999999999900979E-005
2.7000000000221291E-005
1.3000000000040757E-005
2.9000000000056758E-005
1.3999999999736445E-005
1.8999999999991246E-005
1.5000000000320313E-005
1.2000000000123023E-005
2.3000000000106269E-005
1.1000000000205290E-005
1.0999999999983245E-005
2.6000000000081513E-005
2.1999999999522402E-005
1.0999999999983245E-005
8.9999999999257341E-006
2.5999999999637424E-005
1.3000000000040757E-005
1.6000000000016001E-005
1.3999999999958490E-005
1.6999999999711690E-005
2.5000000000385825E-005
1.1999999999900979E-005
1.1999999999900979E-005
4.8000000000492093E-005
1.0999999999983245E-005
1.3000000000040757E-005
1.8999999999991246E-005
3.7000000000286803E-005
1.7999999999851468E-005
1.4999999999876223E-005
3.6000000000147026E-005
2.0000000000131024E-005
1.4000000000180535E-005
1.3999999999958490E-005
