5.0000000000327560E-006
4.0000000000040004E-006
4.0000000000040004E-006
4.0000000000040004E-006
4.0000000000040004E-006
3.9999999998929781E-006
4.0000000000040004E-006
8.0000000000080007E-006
1.2999999999818712E-005
1.6000000000016001E-005
7.0000000000902673E-006
4.0000000000040004E-006
2.0000000000575113E-006
3.0000000000862670E-006
2.9999999999752447E-006
4.0000000000040004E-006
2.9999999999752447E-006
5.9999999999504894E-006
7.9999999997859561E-006
1.1999999999900979E-005
1.0000000000065512E-005
4.0000000000040004E-006
2.9999999999752447E-006
2.9999999999752447E-006
2.0000000000575113E-006
2.9999999999752447E-006
4.0000000000040004E-006
5.0000000000327560E-006
1.0000000000065512E-005
3.2000000000032003E-005
5.0000000000327560E-006
2.9999999999752447E-006
2.9999999999752447E-006
2.9999999999752447E-006
1.9999999999464890E-006
2.9999999999752447E-006
