4.0000000000040004E-006
6.9999999999792450E-006
4.9999999999217337E-006
1.1999999999900979E-005
2.9999999999752447E-005
6.0000000000615117E-006
5.0000000000327560E-006
4.9999999999217337E-006
2.9999999999752447E-006
5.9999999999504894E-006
4.0000000000040004E-006
4.0000000000040004E-006
2.9999999999752447E-006
4.0000000000040004E-006
3.1000000000780403E-005
3.7999999999982492E-005
6.0000000000615117E-006
4.9999999999217337E-006
5.0000000000327560E-006
4.0000000000040004E-006
6.9999999999792450E-006
1.9999999999464890E-006
9.0000000000367564E-006
2.4000000000246047E-005
1.4000000000180535E-005
5.9999999999504894E-006
1.7000000000044757E-005
6.0000000000615117E-006
5.0000000000327560E-006
4.0000000000040004E-006
1.5999999999793957E-005
1.5999999999571912E-005
4.0000000000040004E-006
2.9999999999752447E-006
4.0000000000040004E-006
4.0000000000040004E-006
