8.9999999999257341E-006
4.1999999999986493E-005
6.9999999999792450E-006
6.9999999999792450E-006
1.6999999999933735E-005
3.2999999999283602E-005
1.1000000000205290E-005
6.9999999999792450E-006
4.9999999999217337E-006
8.0000000000080007E-006
4.0000000000040004E-006
4.9999999999217337E-006
8.0000000000080007E-006
6.9999999999792450E-006
1.2000000000012001E-005
5.9999999999504894E-006
2.7000000000221291E-005
2.6000000000081513E-005
8.9999999999257341E-006
1.0000000000065512E-005
5.0000000000327560E-006
6.9999999999792450E-006
8.9999999999257341E-006
5.0000000000327560E-006
8.0000000000080007E-006
1.0000000000065512E-005
1.8999999999991246E-005
1.1000000000205290E-005
1.0999999999983245E-005
8.0000000000080007E-006
9.0000000000367564E-006
7.0000000000902673E-006
1.3999999999958490E-005
5.2000000000163027E-005
5.9999999999504894E-006
8.0000000000080007E-006
