2.1999999999522402E-005
1.0999999999761201E-005
2.7000000000221291E-005
1.7000000000155779E-005
2.6999999999333113E-005
1.3000000000040757E-005
2.6000000000081513E-005
1.7000000000155779E-005
3.7999999999982492E-005
1.9999999999686935E-005
1.4999999999876223E-005
2.4999999999941735E-005
1.3999999999958490E-005
3.0999999999892225E-005
1.3999999999958490E-005
1.7000000000155779E-005
1.8999999999991246E-005
1.2000000000123023E-005
1.2999999999596668E-005
2.2999999999662180E-005
1.3000000000040757E-005
1.5999999999571912E-005
2.2999999999662180E-005
1.3000000000040757E-005
1.8999999999991246E-005
2.4000000000690136E-005
1.3000000000040757E-005
1.2999999999818712E-005
2.6000000000081513E-005
1.4000000000180535E-005
1.0000000000065512E-005
1.0999999999983245E-005
1.6000000000016001E-005
1.6000000000016001E-005
1.0999999999983245E-005
8.9999999999257341E-006
