1.3999999999958490E-005
1.7000000000155779E-005
1.1999999999900979E-005
8.0000000000080007E-006
1.2000000000123023E-005
1.0999999999983245E-005
2.2999999999662180E-005
1.0000000000509601E-005
5.9999999999504894E-006
8.9999999999257341E-006
8.9999999999257341E-006
1.0000000000065512E-005
3.2999999999283602E-005
9.0000000001477787E-006
8.0000000000080007E-006
8.0000000000080007E-006
1.9999999999686935E-005
1.4999999999876223E-005
1.3000000000040757E-005
9.0000000001477787E-006
1.0999999999983245E-005
7.0000000000902673E-006
2.2999999999662180E-005
2.6000000000081513E-005
8.9999999999257341E-006
9.9999999999544897E-006
1.1999999999900979E-005
2.8000000000361069E-005
9.0000000000367564E-006
1.2000000000012001E-005
9.0000000001477787E-006
1.6000000000016001E-005
1.4999999999876223E-005
9.0000000000367564E-006
8.0000000000080007E-006
1.2000000000123023E-005
