1.8999999999991246E-005
1.3000000000040757E-005
3.0000000000196536E-005
3.9000000000122270E-005
2.0000000001019203E-005
1.3999999999958490E-005
1.4000000000180535E-005
2.9000000000056758E-005
1.0999999999983245E-005
1.8000000000073513E-005
8.9999999999257341E-006
1.1999999999900979E-005
1.6000000000016001E-005
2.5000000000385825E-005
6.9999999999792450E-006
1.3999999999958490E-005
1.5000000000098268E-005
1.3000000000040757E-005
8.0000000000080007E-006
1.5000000000098268E-005
2.3999999999801958E-005
2.7999999999916980E-005
4.8999999999743693E-005
1.4000000000180535E-005
1.3000000000040757E-005
1.3000000000040757E-005
8.0000000000080007E-006
1.8000000000073513E-005
8.0000000000080007E-006
2.0999999999937735E-005
1.2000000000012001E-005
4.9999999999217337E-006
1.8999999999991246E-005
1.1999999999900979E-005
1.1999999999900979E-005
1.0999999999983245E-005
