5.9999999999504894E-006
7.0000000000902673E-006
1.0000000000065512E-005
1.8999999999991246E-005
3.0999999999892225E-005
1.0000000000065512E-005
6.9999999999792450E-006
8.0000000000080007E-006
6.9999999999792450E-006
6.9999999999792450E-006
5.9999999999504894E-006
4.0000000000040004E-006
8.0000000000080007E-006
6.0000000000615117E-006
5.9999999999504894E-006
1.6999999999933735E-005
3.7999999999982492E-005
9.9999999996214228E-006
1.3000000000040757E-005
7.9999999998969784E-006
6.9999999999792450E-006
5.0000000000327560E-006
6.0000000000615117E-006
4.0000000000040004E-006
8.0000000000080007E-006
6.9999999999792450E-006
3.7999999999982492E-005
3.4999999999563158E-005
5.0000000000327560E-006
7.0000000000902673E-006
4.0000000000040004E-006
6.0000000000615117E-006
5.9999999999504894E-006
5.0000000000327560E-006
9.0000000000367564E-006
6.9999999999792450E-006
