1.8999999999991246E-005
8.0000000000080007E-006
8.0000000000080007E-006
1.4999999999876223E-005
9.0000000000367564E-006
4.1999999999653426E-005
6.9999999999792450E-006
1.7000000000155779E-005
1.3000000000040757E-005
9.9999999998434674E-006
5.0000000000327560E-006
1.6000000000016001E-005
6.9999999999792450E-006
1.1000000000205290E-005
6.9999999999792450E-006
1.3999999999958490E-005
8.0000000000080007E-006
6.0000000000615117E-006
1.4999999999876223E-005
4.0000000000040004E-006
1.0999999999983245E-005
1.7000000000155779E-005
7.0000000000902673E-006
4.0000000000040004E-006
1.8000000000295557E-005
4.9999999999217337E-006
9.0000000000367564E-006
2.1999999999966491E-005
1.0000000000065512E-005
1.3000000000040757E-005
1.0999999999983245E-005
2.6000000000081513E-005
1.2000000000012001E-005
1.3000000000040757E-005
1.8000000000073513E-005
4.9999999999217337E-006
