1.0999999999983245E-005
1.1999999999900979E-005
1.0000000000065512E-005
1.4000000000069512E-005
1.0999999999983245E-005
8.0000000000080007E-006
9.9999999999544897E-006
5.3000000000302805E-005
1.4999999999432134E-005
9.0000000000367564E-006
1.3000000000040757E-005
1.0000000000065512E-005
1.8000000000073513E-005
3.0999999999892225E-005
8.0000000000080007E-006
6.0000000000615117E-006
1.0999999999983245E-005
1.2000000000012001E-005
6.0000000000615117E-006
1.6000000000016001E-005
3.7000000000286803E-005
2.3999999999801958E-005
1.0000000000065512E-005
6.9999999999792450E-006
9.0000000000367564E-006
8.0000000000080007E-006
9.9999999999544897E-006
2.7000000000221291E-005
3.9000000000122270E-005
8.9999999999257341E-006
6.9999999999792450E-006
1.0999999999983245E-005
1.0999999999983245E-005
1.0999999999983245E-005
1.6000000000016001E-005
8.9999999994816449E-006
