8.0000000000080007E-006
6.0000000000615117E-006
8.9999999999257341E-006
4.8000000000048004E-005
5.9999999999504894E-006
1.3000000000040757E-005
1.0999999999983245E-005
1.6999999999933735E-005
1.3000000000040757E-005
8.0000000000080007E-006
7.9999999998969784E-006
5.9999999999504894E-006
1.3000000000040757E-005
1.0999999999761201E-005
2.2000000000410580E-005
4.0000000000040004E-006
1.0000000000065512E-005
1.6000000000016001E-005
2.1999999999966491E-005
5.0000000000327560E-006
5.9999999999504894E-006
9.0000000000367564E-006
1.3000000000040757E-005
1.6000000000016001E-005
1.2000000000123023E-005
4.9999999999217337E-006
5.9999999999504894E-006
5.9999999999504894E-006
6.9999999999792450E-006
1.8999999999991246E-005
1.0999999999983245E-005
9.0000000000367564E-006
9.0000000000367564E-006
4.0000000000040004E-006
1.0999999999983245E-005
1.4999999999876223E-005
