9.0000000000367564E-006
1.4999999999987246E-005
8.0000000000080007E-006
1.6999999999933735E-005
3.0999999999892225E-005
1.0000000000065512E-005
6.9999999999792450E-006
6.9999999999792450E-006
8.0000000000080007E-006
1.0000000000065512E-005
1.0000000000065512E-005
1.7999999999851468E-005
1.3000000000040757E-005
7.0000000000902673E-006
4.0000000000040004E-006
6.9999999999792450E-006
8.0000000000080007E-006
1.0000000000065512E-005
3.3000000000171781E-005
1.1000000000205290E-005
1.0999999999983245E-005
1.0999999999983245E-005
5.9999999999504894E-006
8.0000000000080007E-006
1.3000000000040757E-005
2.3999999999801958E-005
9.9999999999544897E-006
5.9999999999504894E-006
2.0000000000131024E-005
7.0000000000902673E-006
8.9999999999257341E-006
7.0000000000902673E-006
6.9999999999792450E-006
4.2999999999793204E-005
8.9999999999257341E-006
8.0000000000080007E-006
