2.9999999998864268E-005
1.1999999999900979E-005
2.1999999999522402E-005
2.0999999999382624E-005
1.6000000000016001E-005
2.6000000000081513E-005
1.6000000000016001E-005
2.0000000001019203E-005
2.9000000000500847E-005
1.4000000000180535E-005
2.9999999998864268E-005
1.8000000000295557E-005
1.6000000000016001E-005
2.8999999999612669E-005
1.4999999999876223E-005
3.7999999999982492E-005
2.0000000000131024E-005
2.0000000000131024E-005
2.4000000000246047E-005
1.4999999999876223E-005
1.8000000000739647E-005
1.4999999999876223E-005
3.3000000000171781E-005
1.1999999999900979E-005
2.4000000000690136E-005
1.4999999999876223E-005
2.8999999999612669E-005
1.4000000000180535E-005
3.6999999999842714E-005
1.3000000000040757E-005
2.9000000000500847E-005
1.7000000000599869E-005
1.8999999999991246E-005
2.3999999999801958E-005
1.5999999999793957E-005
2.4999999999941735E-005
