1.3999999999736445E-005
2.6000000000081513E-005
1.3000000000040757E-005
1.5999999999571912E-005
2.8999999999612669E-005
1.5000000000320313E-005
1.7999999999851468E-005
2.4999999999941735E-005
1.8999999999991246E-005
2.5000000000829914E-005
1.4999999999876223E-005
1.7000000000599869E-005
3.5999999999702936E-005
1.6000000000460091E-005
1.6000000000460091E-005
2.2000000000410580E-005
1.7000000000155779E-005
1.5999999999571912E-005
2.6000000000081513E-005
1.1999999999900979E-005
2.6000000000081513E-005
1.2000000000345068E-005
2.9000000000500847E-005
3.4999999999563158E-005
2.3999999999801958E-005
1.3000000000040757E-005
3.3000000000171781E-005
1.3999999999736445E-005
3.3999999999423380E-005
1.5000000000320313E-005
2.3000000000550358E-005
1.7000000000155779E-005
2.6000000000081513E-005
1.8000000000295557E-005
2.8999999999612669E-005
1.6000000000016001E-005
