4.2000000000541604E-005
1.3999999999736445E-005
2.3999999999801958E-005
1.8999999999991246E-005
1.1999999999900979E-005
1.4999999999876223E-005
2.6000000000081513E-005
1.1000000000205290E-005
1.7000000000155779E-005
1.6000000000460091E-005
1.3000000000040757E-005
1.2000000000123023E-005
2.3000000000106269E-005
1.4999999999876223E-005
1.2000000000123023E-005
1.0000000000065512E-005
2.1000000000270802E-005
1.8000000000295557E-005
9.0000000001477787E-006
1.6000000000016001E-005
2.1000000000270802E-005
1.8999999999991246E-005
7.0000000000902673E-006
8.9999999999257341E-006
2.6000000000081513E-005
1.5000000000320313E-005
6.9999999998682227E-006
9.0000000001477787E-006
1.6000000000016001E-005
2.0999999999382624E-005
8.9999999999257341E-006
8.9999999999257341E-006
2.4000000000246047E-005
9.0000000001477787E-006
8.9999999999257341E-006
8.0000000000080007E-006
