9.9999999998434674E-006
4.6000000000212538E-005
7.0000000000902673E-006
6.0000000000615117E-006
6.0000000000615117E-006
1.0000000000065512E-005
1.0999999999983245E-005
6.0000000000615117E-006
8.9999999999257341E-006
5.9999999999504894E-006
6.9999999998682227E-006
8.0000000000080007E-006
3.6999999999842714E-005
1.8999999999991246E-005
6.9999999999792450E-006
8.0000000000080007E-006
1.0000000000065512E-005
1.2000000000012001E-005
3.6999999999953737E-005
5.9999999999504894E-006
1.0999999999983245E-005
3.6999999999842714E-005
1.0999999999761201E-005
6.9999999999792450E-006
1.0999999999983245E-005
8.0000000000080007E-006
5.9999999999504894E-006
6.0000000000615117E-006
6.9999999999792450E-006
5.9999999999504894E-006
1.2000000000012001E-005
3.2000000000032003E-005
1.3000000000040757E-005
6.9999999999792450E-006
4.0000000000040004E-006
6.9999999999792450E-006
