6.9999999998682227E-006
1.6999999999711690E-005
2.4999999999941735E-005
4.0000000000040004E-006
3.0000000000862670E-006
2.9999999999752447E-006
2.9999999999752447E-006
4.0000000000040004E-006
4.0000000000040004E-006
4.0000000000040004E-006
4.0000000000040004E-006
4.0000000000040004E-006
8.0000000000080007E-006
3.4000000000311559E-005
8.9999999999257341E-006
2.9999999999752447E-006
3.0000000000862670E-006
2.9999999999752447E-006
2.9999999999752447E-006
2.9999999999752447E-006
2.9999999999752447E-006
6.0000000000615117E-006
1.0000000000065512E-005
3.1999999999143824E-005
4.0000000001150227E-006
2.9999999999752447E-006
5.9999999999504894E-006
5.0000000000327560E-006
5.0000000000327560E-006
4.0000000000040004E-006
4.9999999999217337E-006
8.9999999999257341E-006
3.0999999999892225E-005
1.0000000000509601E-005
4.9999999999217337E-006
2.9999999999752447E-006
