1.7000000000155779E-005
2.7000000000221291E-005
4.5000000000072760E-005
1.7000000000155779E-005
1.6999999999933735E-005
2.1000000000048757E-005
3.9000000000122270E-005
1.2000000000123023E-005
2.1000000000270802E-005
2.6000000000081513E-005
1.9999999999908979E-005
1.6000000000016001E-005
1.8999999999991246E-005
2.1999999999522402E-005
1.4999999999876223E-005
1.1999999999900979E-005
3.0000000000196536E-005
1.4999999999876223E-005
1.4000000000180535E-005
6.6000000000343562E-005
4.8999999999965738E-005
1.3999999999958490E-005
3.9999999999373870E-005
1.3000000000040757E-005
1.3000000000040757E-005
9.0000000001477787E-006
1.3000000000040757E-005
1.1999999999900979E-005
2.6000000000081513E-005
1.8999999999991246E-005
1.6000000000016001E-005
1.4999999999876223E-005
1.3000000000040757E-005
1.1999999999900979E-005
1.0999999999983245E-005
1.7000000000155779E-005
