2.1000000000270802E-005
1.8999999999991246E-005
1.3999999999736445E-005
1.0000000000065512E-005
5.4999999999694182E-005
8.0000000000080007E-006
1.0999999999983245E-005
2.4999999999941735E-005
1.3000000000040757E-005
1.0000000000065512E-005
1.0000000000065512E-005
2.4000000000246047E-005
2.0999999999382624E-005
1.0999999999983245E-005
1.0000000000065512E-005
2.5000000000385825E-005
2.4000000000246047E-005
1.0000000000065512E-005
8.9999999999257341E-006
1.8999999999991246E-005
1.4999999999432134E-005
1.0999999999983245E-005
8.0000000000080007E-006
2.0000000000131024E-005
2.3000000000106269E-005
9.0000000001477787E-006
8.0000000000080007E-006
1.4999999999876223E-005
2.4999999999941735E-005
1.0000000000065512E-005
1.0000000000065512E-005
1.0000000000065512E-005
1.3999999999736445E-005
2.7999999999916980E-005
9.0000000001477787E-006
1.0000000000065512E-005
