1.3000000000040757E-005
3.0999999999892225E-005
1.0999999999983245E-005
1.6000000000016001E-005
1.1999999999900979E-005
1.3999999999958490E-005
2.0999999999826713E-005
2.8999999999612669E-005
1.2999999999818712E-005
1.1999999999900979E-005
2.3999999999801958E-005
2.9999999999752447E-005
1.0999999999983245E-005
1.3000000000040757E-005
3.0000000000196536E-005
1.8999999999991246E-005
1.0000000000065512E-005
1.1999999999900979E-005
2.0999999999826713E-005
2.1000000000270802E-005
1.1999999999900979E-005
1.2000000000123023E-005
1.5000000000098268E-005
2.1999999999966491E-005
1.1000000000205290E-005
8.9999999999257341E-006
1.0000000000065512E-005
2.4000000000246047E-005
3.6000000000147026E-005
9.0000000001477787E-006
1.3000000000040757E-005
1.0000000000065512E-005
1.5000000000098268E-005
2.9000000000056758E-005
1.0000000000065512E-005
1.1999999999900979E-005
