1.3000000000040757E-005
1.6000000000016001E-005
8.9999999999257341E-006
2.7000000000221291E-005
1.2000000000012001E-005
1.0000000000065512E-005
1.4999999999987246E-005
2.5999999999637424E-005
1.2000000000012001E-005
1.6000000000016001E-005
1.8999999999991246E-005
1.6999999999933735E-005
6.0000000000615117E-006
6.9999999999792450E-006
9.9999999998434674E-006
1.6000000000016001E-005
6.0000000000615117E-006
6.9999999999792450E-006
4.9999999999883471E-005
1.0000000000065512E-005
5.9999999999504894E-006
4.9999999999217337E-006
1.2999999999929734E-005
2.3000000000106269E-005
1.0000000000065512E-005
9.9999999999544897E-006
5.0000000000327560E-006
1.6999999999933735E-005
2.7000000000221291E-005
1.2000000000012001E-005
1.0999999999983245E-005
8.0000000000080007E-006
1.5000000000098268E-005
9.0000000003698233E-006
9.9999999999544897E-006
1.2000000000123023E-005
