1.3000000000040757E-005
2.2999999999662180E-005
1.5000000000098268E-005
2.1999999999522402E-005
1.0999999999983245E-005
2.4999999999941735E-005
1.6000000000016001E-005
1.4000000000180535E-005
1.8999999999991246E-005
1.3000000000040757E-005
4.5000000000072760E-005
9.0000000000367564E-006
1.4000000000180535E-005
1.3000000000040757E-005
3.7999999999982492E-005
1.1999999999900979E-005
7.9999999997859561E-006
9.0000000000367564E-006
1.1999999999900979E-005
6.9999999999792450E-006
1.7999999999962490E-005
1.6000000000016001E-005
9.9999999998434674E-006
3.7999999999982492E-005
1.9999999999908979E-005
1.7999999999851468E-005
2.1999999999966491E-005
2.1000000000048757E-005
2.7000000000221291E-005
2.6000000000081513E-005
2.1000000000048757E-005
2.9999999999974492E-005
1.7000000000155779E-005
1.3999999999958490E-005
1.5000000000098268E-005
1.3999999999958490E-005
