3.5000000000451337E-005
1.4000000000180535E-005
1.6999999999711690E-005
1.8999999999991246E-005
1.6999999999711690E-005
3.6999999999842714E-005
1.6000000000016001E-005
2.6000000000081513E-005
1.6000000000016001E-005
3.2000000000032003E-005
1.6000000000460091E-005
3.5000000000451337E-005
1.8999999999991246E-005
2.0000000000131024E-005
1.6999999999711690E-005
1.6000000000016001E-005
1.5999999999571912E-005
1.8999999999991246E-005
2.0999999999382624E-005
1.3999999999958490E-005
1.6000000000016001E-005
1.8999999999991246E-005
1.1999999999900979E-005
1.3999999999736445E-005
1.8999999999991246E-005
9.9999999998434674E-006
1.7000000000155779E-005
3.5999999999702936E-005
1.0999999999983245E-005
1.3000000000040757E-005
2.4000000000246047E-005
1.2000000000123023E-005
8.9999999999257341E-006
1.8999999999991246E-005
2.2999999999662180E-005
1.0000000000065512E-005
