5.4999999999694182E-005
1.4999999999876223E-005
1.5999999999793957E-005
7.0000000000902673E-006
6.9999999999792450E-006
1.0999999999983245E-005
1.7000000000044757E-005
9.0000000000367564E-006
2.9000000000056758E-005
8.0000000000080007E-006
1.1999999999900979E-005
1.3999999999958490E-005
5.9999999999504894E-006
1.3000000000040757E-005
1.4000000000069512E-005
1.6999999999933735E-005
9.9999999999544897E-006
1.0999999999983245E-005
2.4999999999941735E-005
6.0000000000615117E-006
1.2000000000123023E-005
1.3000000000040757E-005
1.8000000000073513E-005
5.9999999999504894E-006
1.3999999999958490E-005
5.9999999999504894E-006
1.4999999999876223E-005
9.0000000000367564E-006
8.9999999999257341E-006
5.9999999999504894E-006
1.0999999999983245E-005
6.9999999999792450E-006
1.4000000000180535E-005
1.4000000000069512E-005
8.9999999999257341E-006
8.9999999999257341E-006
