3.4000000000311559E-005
1.9999999999686935E-005
2.5000000000829914E-005
1.5000000000320313E-005
1.3000000000040757E-005
1.6000000000016001E-005
1.1999999999900979E-005
2.7999999999472891E-005
1.6000000000016001E-005
1.6000000000460091E-005
2.3999999999801958E-005
1.4999999999876223E-005
2.1000000000270802E-005
1.9999999999686935E-005
1.6999999999711690E-005
2.7000000000221291E-005
1.4000000000180535E-005
2.7000000000221291E-005
1.6000000000460091E-005
3.0999999999892225E-005
1.3999999999736445E-005
2.8999999999612669E-005
1.3999999999736445E-005
2.4999999999941735E-005
1.8999999999991246E-005
3.5999999999702936E-005
1.4999999999432134E-005
3.2000000000032003E-005
2.2000000000410580E-005
1.5000000000098268E-005
2.9999999999752447E-005
1.4999999999876223E-005
1.5999999999571912E-005
2.9000000000500847E-005
1.3000000000040757E-005
1.4999999999876223E-005
