1.6000000000460091E-005
2.1999999999522402E-005
1.7000000000155779E-005
2.8999999999612669E-005
1.7999999999851468E-005
1.7999999999851468E-005
2.6999999999333113E-005
1.6999999999711690E-005
3.3000000000171781E-005
1.4999999999876223E-005
2.8000000000361069E-005
1.0999999999761201E-005
3.6999999999842714E-005
1.5999999999571912E-005
3.3000000000171781E-005
1.5999999999571912E-005
2.8999999999612669E-005
1.4000000000180535E-005
4.1000000000401826E-005
1.5999999999571912E-005
2.4999999999941735E-005
1.8999999999991246E-005
3.0999999999892225E-005
1.6000000000016001E-005
2.1999999999966491E-005
1.5000000000098268E-005
2.0999999999826713E-005
1.5000000000320313E-005
1.3000000000040757E-005
2.6000000000081513E-005
1.4999999999876223E-005
1.0000000000065512E-005
1.6999999999711690E-005
1.4999999999432134E-005
1.2000000000123023E-005
2.2999999999662180E-005
