5.0000000000327560E-006
4.0000000000040004E-006
3.0000000000862670E-006
4.0000000000040004E-006
3.9000000000122270E-005
1.8999999999991246E-005
4.0000000000040004E-006
2.0000000000575113E-006
2.9999999999752447E-006
4.0000000000040004E-006
3.0000000000862670E-006
4.0000000000040004E-006
6.9999999999792450E-006
8.9999999999257341E-006
4.5000000000072760E-005
5.0000000000327560E-006
4.0000000000040004E-006
4.0000000000040004E-006
4.0000000000040004E-006
5.0000000000327560E-006
4.0000000000040004E-006
6.9999999999792450E-006
3.9999999999373870E-005
5.0000000002548006E-006
3.0000000000862670E-006
2.9999999999752447E-006
4.0000000000040004E-006
5.9999999999504894E-006
1.1000000000205290E-005
5.9999999999504894E-006
2.9999999999752447E-006
2.9999999999752447E-006
4.0000000000040004E-006
3.0000000000862670E-006
3.0000000000862670E-006
4.0000000000040004E-006
