6.9999999999792450E-006
5.0000000000327560E-006
4.0000000000040004E-006
1.3999999999958490E-005
9.0000000000367564E-006
5.0000000000327560E-006
1.6999999999711690E-005
7.0000000000902673E-006
2.9999999999752447E-006
2.9999999999752447E-006
2.9999999999752447E-006
4.0000000000040004E-006
6.9999999999792450E-006
2.9999999999752447E-006
5.0000000000327560E-006
4.0000000000040004E-006
6.9999999999792450E-006
1.1999999999900979E-005
1.6999999999711690E-005
6.9999999998682227E-006
2.9999999999752447E-006
4.0000000000040004E-006
4.9999999999217337E-006
3.0000000000862670E-006
4.0000000000040004E-006
4.0000000000040004E-006
4.0000000000040004E-006
8.9999999999257341E-006
1.7999999999851468E-005
1.6000000000016001E-005
5.9999999999504894E-006
2.9999999999752447E-006
4.0000000000040004E-006
2.9999999999752447E-006
4.0000000000040004E-006
2.9999999999752447E-006
