6.0000000000615117E-006
4.9999999999217337E-006
5.0000000000327560E-006
4.0000000000040004E-006
4.0000000000040004E-006
2.1999999999966491E-005
2.1999999999522402E-005
1.1999999999900979E-005
7.9999999998969784E-006
4.0000000000040004E-006
4.0000000000040004E-006
4.9999999999217337E-006
7.0000000000902673E-006
6.0000000000615117E-006
1.0000000000065512E-005
3.3999999999867470E-005
5.9999999999504894E-006
5.0000000000327560E-006
2.9999999999752447E-006
5.9999999999504894E-006
8.0000000000080007E-006
1.8000000000073513E-005
1.1000000000205290E-005
4.0000000000040004E-006
3.9999999998929781E-006
3.0000000000862670E-006
2.9999999999752447E-006
4.0000000000040004E-006
2.9999999999752447E-006
2.0000000000020002E-005
5.0000000000327560E-006
5.0000000000327560E-006
5.9999999999504894E-006
1.3999999999958490E-005
3.2000000000032003E-005
6.0000000001725340E-006
