4.0000000000262048E-005
1.4000000000180535E-005
3.3999999999423380E-005
1.4999999999876223E-005
3.7000000000286803E-005
1.0999999999761201E-005
2.3999999999801958E-005
4.3000000000015248E-005
1.8999999999991246E-005
1.8999999999991246E-005
1.6000000000016001E-005
1.5999999999571912E-005
2.7000000000221291E-005
1.3999999999736445E-005
1.5999999999571912E-005
2.6000000000081513E-005
1.2000000000123023E-005
2.1000000000270802E-005
3.0000000000196536E-005
1.3999999999958490E-005
8.0000000000080007E-006
2.7000000000221291E-005
1.5999999999571912E-005
1.1999999999900979E-005
1.0999999999983245E-005
2.7999999999916980E-005
1.3000000000040757E-005
9.0000000001477787E-006
1.8000000000073513E-005
2.3000000000106269E-005
2.2999999999662180E-005
1.0999999999983245E-005
8.9999999999257341E-006
1.2999999999596668E-005
1.0999999999761201E-005
1.2000000000123023E-005
