-0.00649475
-0.00580525
-0.00528335
-0.00487709
-0.00456826
-0.00435300
-0.00423080
-0.00419682
-0.00424029
-0.00434825
-0.00450931
-0.00471453
-0.00495631
-0.00522733
-0.00551990
-0.00582553
-0.00613422
-0.00643403
-0.00671103
-0.00694976
-0.00713433
-0.00725005
-0.00728545
-0.00723411
-0.00709572
-0.00687604
-0.00658594
-0.00623973
-0.00585334
-0.00544260
-0.00502196
-0.00460362
-0.00419717
-0.00380960
-0.00344554
-0.00310770
-0.00279717
-0.00251398
-0.00225738
-0.00202602
-0.00181821
-0.00163406
-0.00147134
-0.00132149
-0.00118328
-0.00105990
-0.00095131
-0.00085548
-0.00077072
-0.00069559
-0.00062887
-0.00056949
-0.00051656
-0.00046927
-0.00042696
-0.00038904
-0.00035498
-0.00032435
-0.00029677
-0.00027188
-0.00024939
-0.00022904
-0.00021061
-0.00019388
-0.00017868
-0.00016485
-0.00015226
-0.00014077
-0.00013029
-0.00012070
-0.00011193
-0.00010389
-0.00009651
-0.00008974
-0.00008352
-0.00007780
-0.00006832
-0.00004618
-0.00002006
-0.00000342
0.00000000
