-0.00000001
-0.00000000
-0.00000000
-0.00000000
-0.00000000
-0.00000000
-0.00000000
-0.00000000
-0.00000000
-0.00000000
-0.00000001
-0.00000001
-0.00000003
-0.00000006
-0.00000014
-0.00000029
-0.00000064
-0.00000142
-0.00000318
-0.00000722
-0.00001655
-0.00003812
-0.00008737
-0.00019643
-0.00042442
-0.00085776
-0.00157188
-0.00254014
-0.00356784
-0.00437922
-0.00480262
-0.00484579
-0.00462289
-0.00425860
-0.00384330
-0.00342960
-0.00304323
-0.00269428
-0.00238466
-0.00211240
-0.00187397
-0.00166545
-0.00148302
-0.00132324
-0.00118305
-0.00105982
-0.00095127
-0.00085546
-0.00077071
-0.00069559
-0.00062887
-0.00056949
-0.00051656
-0.00046927
-0.00042696
-0.00038904
-0.00035498
-0.00032435
-0.00029677
-0.00027188
-0.00024939
-0.00022904
-0.00021061
-0.00019388
-0.00017868
-0.00016485
-0.00015226
-0.00014077
-0.00013029
-0.00012070
-0.00011193
-0.00010389
-0.00009651
-0.00008974
-0.00008352
-0.00007780
-0.00007252
-0.00006766
-0.00006318
-0.00005904
-0.00005521
-0.00005167
-0.00004839
-0.00004535
-0.00004253
-0.00003991
-0.00003748
-0.00003522
-0.00003312
-0.00003116
-0.00002934
