-0.00177787
-0.00168436
-0.00159592
-0.00151230
-0.00143328
-0.00135863
-0.00128812
-0.00122154
-0.00115867
-0.00109931
-0.00104326
-0.00099035
-0.00094040
-0.00089322
-0.00084867
-0.00080659
-0.00076684
-0.00072928
-0.00069379
-0.00066024
-0.00062852
-0.00059852
-0.00057013
-0.00054325
-0.00051779
-0.00049364
-0.00047072
-0.00044897
-0.00042832
-0.00040871
-0.00039010
-0.00037243
-0.00035567
-0.00033978
-0.00032471
-0.00031043
-0.00029689
-0.00028406
-0.00027190
-0.00026035
-0.00024939
-0.00023897
-0.00022904
-0.00021960
-0.00021061
-0.00020204
-0.00019388
-0.00018610
-0.00017868
-0.00017161
-0.00016485
-0.00015841
-0.00015226
-0.00014639
-0.00014077
-0.00013541
-0.00013029
-0.00012539
-0.00012070
-0.00011622
-0.00011193
