-0.00000001
-0.00000000
-0.00000000
-0.00000000
-0.00000000
-0.00000000
-0.00000000
-0.00000000
-0.00000000
-0.00000000
-0.00000001
-0.00000001
-0.00000003
-0.00000006
-0.00000014
-0.00000030
-0.00000065
-0.00000143
-0.00000321
-0.00000728
-0.00001670
-0.00003848
-0.00008819
-0.00019827
-0.00042838
-0.00086575
-0.00158653
-0.00256382
-0.00360110
-0.00442004
-0.00484738
-0.00489095
-0.00466597
-0.00429829
-0.00387912
-0.00346156
-0.00307159
-0.00271939
-0.00240688
-0.00213209
-0.00189144
-0.00168097
-0.00149684
-0.00133557
-0.00119408
-0.00106970
-0.00096014
-0.00086343
-0.00077789
-0.00070207
-0.00063473
-0.00057480
-0.00052137
-0.00047365
-0.00043094
-0.00039266
-0.00035829
-0.00032738
-0.00029953
-0.00027441
-0.00025172
-0.00023118
-0.00021257
-0.00019569
-0.00018035
-0.00016639
-0.00015368
-0.00014209
-0.00013150
-0.00012182
-0.00011297
-0.00010485
-0.00009741
-0.00009058
-0.00008430
-0.00007852
-0.00007320
-0.00006829
-0.00006377
-0.00005959
-0.00005572
-0.00005215
-0.00004884
-0.00004577
-0.00004293
-0.00004029
-0.00003783
-0.00003555
-0.00003343
-0.00003145
-0.00002961
