-3.93362649
-7.11480023
-8.36002135
-8.90505337
-8.81159056
-8.06417189
-7.28712032
-6.68258090
-6.18303545
-5.64911994
-5.02192531
-4.37676555
-3.83418554
-3.43640930
-3.12705019
-2.82764786
-2.50925813
-2.19673154
-1.92542476
-1.70367117
-1.51148518
-1.32492712
-1.13595750
-0.95187373
-0.78353834
-0.63804894
-0.51871575
-0.42580859
-0.35604423
-0.30444842
-0.26804502
-0.24382149
-0.22900776
-0.22052383
-0.21680453
-0.21582085
-0.21551032
-0.21522714
-0.21497053
-0.21473917
-0.21453136
-0.21434722
-0.21418450
-0.21403464
-0.21389644
-0.21377305
-0.21366447
-0.21356864
-0.21348387
-0.21340875
-0.21334202
-0.21328265
-0.21322971
-0.21318243
-0.21314012
-0.21310219
-0.21306814
-0.21303751
-0.21300992
-0.21298503
-0.21296255
-0.21294220
-0.21292376
-0.21290703
-0.21289184
-0.21287801
-0.21286542
-0.21285393
-0.21284344
-0.21283385
-0.21282508
-0.21281704
-0.21280967
-0.21280290
-0.21279668
-0.21279095
-0.21278148
-0.21275934
-0.21273321
-0.21271657
-0.21271315
-0.21271315
-0.21271315
-0.21271315
-0.21271315
-0.21271315
-0.21271315
-0.21271315
-0.21271315
-0.21271315
-0.21271315
