-33.464219090449362
-33.464370413679909
-33.464314193847379
-33.531886913241216
-33.531769344311918
-33.531858887427127
-33.622095878276191
-33.622197806824992
-33.622267026367098
-33.636444616435000
-33.636357931500513
-33.636510401155903
-33.529847901100155
-33.529709922104459
-33.529657972127872
-33.447990878448621
-33.448127966242367
-33.448038116709256
-33.594175619366275
-33.594076367149484
-33.594322377931796
-33.619522499924386
-33.619691401794590
-33.619560782557343
-33.534661540990726
-33.534371872619232
-33.534503409681854
