-0.21711244
-0.21709663
-0.21704925
-0.21697072
-0.21686207
-0.21672481
-0.21656095
-0.21637302
-0.21616396
-0.21593726
-0.21569690
-0.21544735
-0.21519339
-0.21493988
-0.21469143
-0.21445216
-0.21422569
-0.21401541
-0.21382445
-0.21365537
-0.21351029
-0.21339084
-0.21330782
-0.21324207
-0.21320474
-0.21319632
-0.21321491
-0.21325650
-0.21331644
-0.21339108
-0.21347842
-0.21357727
-0.21368350
-0.21380064
-0.21392195
-0.21404518
-0.21416759
-0.21428707
-0.21440087
-0.21450638
-0.21460104
-0.21468244
-0.21474836
-0.21479691
-0.21482666
-0.21483668
-0.21482666
-0.21479691
-0.21474836
-0.21468244
-0.21460104
-0.21450638
-0.21440087
-0.21428707
-0.21416759
-0.21404518
-0.21392195
-0.21380064
-0.21368350
-0.21357727
-0.21347842
-0.21339108
-0.21331644
-0.21325650
-0.21321491
-0.21319632
-0.21320474
-0.21324207
-0.21330782
-0.21339084
-0.21351029
-0.21365537
-0.21382445
-0.21401541
-0.21422569
-0.21445216
-0.21469143
-0.21493988
-0.21519339
-0.21544735
-0.21569690
-0.21593726
-0.21616396
-0.21637302
-0.21656095
-0.21672481
-0.21686207
-0.21697072
-0.21704925
-0.21709663
-0.21711244
