-0.09145683
-0.09144395
-0.09140288
-0.09132692
-0.09120649
-0.09103120
-0.09079203
-0.09048322
-0.09010358
-0.08965698
-0.08915216
-0.08860195
-0.08802208
-0.08742984
-0.08684281
-0.08627767
-0.08574919
-0.08526953
-0.08484768
-0.08448911
-0.08419564
-0.08396537
-0.08379284
-0.08366937
-0.08358366
-0.08352268
-0.08347278
-0.08342110
-0.08335703
-0.08327360
-0.08316843
-0.08304405
-0.08290749
-0.08276906
-0.08264063
-0.08253358
-0.08245691
-0.08241584
-0.08241097
-0.08243834
-0.08249010
-0.08255563
-0.08262308
-0.08268103
-0.08271998
-0.08273369
-0.08271998
-0.08268103
-0.08262308
-0.08255563
-0.08249010
-0.08243834
-0.08241097
-0.08241584
-0.08245691
-0.08253358
-0.08264063
-0.08276906
-0.08290749
-0.08304405
-0.08316843
-0.08327360
-0.08335703
-0.08342110
-0.08347278
-0.08352268
-0.08358366
-0.08366937
-0.08379284
-0.08396537
-0.08419564
-0.08448911
-0.08484768
-0.08526953
-0.08574919
-0.08627767
-0.08684281
-0.08742984
-0.08802208
-0.08860195
-0.08915216
-0.08965698
-0.09010358
-0.09048322
-0.09079203
-0.09103120
-0.09120649
-0.09132692
-0.09140288
-0.09144395
-0.09145683
