-3.7204637649996406
-3.7206047936621038
-3.7199060367891437
-3.7205705875241777
-3.7207127648904468
-3.7200323966362925
-3.7204343722740396
-3.7207863543668345
-3.7200861183434304
-3.7203223317661429
-3.7206766955569130
-3.7200113776837660
-3.7211213755405588
-3.7214118175618887
-3.7209405054369489
-3.7215607610815957
-3.7214110264176830
-3.7209084908607237
-3.7212960514531708
-3.7210870621708767
-3.7207643412543190
-3.7216741912225286
-3.7216937092202302
-3.7213871013201230
-3.7206239642643402
-3.7206390362860446
-3.7202572375170466
