-3.7201002183206779
-3.7199591741383631
-3.7206578866160873
-3.7204728971869669
-3.7203307350806760
-3.7210110205323206
-3.7202264742857523
-3.7198743866763371
-3.7205747097559536
-3.7206261930625848
-3.7202718559431665
-3.7209371118470567
-3.7216632203118940
-3.7213727977355706
-3.7218440556654215
-3.7212693081496844
-3.7214190465822319
-3.7219214991933844
-3.7212254619373906
-3.7214344192202327
-3.7217570857503262
-3.7220357278771763
-3.7220161823767697
-3.7223227431810573
-3.7198928457929710
-3.7198778129845547
-3.7202596594035371
