-33.464747712853402
-33.464596931722653
-33.464653158396032
-33.531799483723510
-33.531917039142698
-33.531827890802774
-33.621954312510219
-33.621852644368467
-33.621783471579981
-33.636199665111278
-33.636286764314590
-33.636134116192466
-33.529698479031381
-33.529836918913922
-33.529889172563976
-33.448152449327395
-33.448014719090338
-33.448104388882278
-33.594105541405732
-33.594203799527001
-33.593958495287644
-33.619587355109019
-33.619418713001373
-33.619549053413699
-33.534390117068540
-33.534679785979250
-33.534548359692984
