           1   4.0475336192619699E-002   6.9545351077920361E-003   2.4127098717685914E-002
           2   4.3221170113084476E-002  -1.0783128916244295E-002   1.0939666304548767E-002
           3  -2.6894326711739431E-002  -1.0156907841910343E-002  -2.2950189384131499E-003
           4   5.5307301530283272E-003   1.4597410405952610E-002  -1.6891901680516398E-002
           5  -4.4847005264918957E-002  -1.4848841573831678E-002   2.2273026139104486E-002
           6  -2.4538037121780473E-002  -3.2711652732077171E-002  -6.3127476746201970E-003
           7   1.8760564789941144E-002  -6.7268784054392728E-003  -2.2448744304290610E-002
           8   2.0395083361866052E-002   9.2189029084301739E-004   1.7614033228639022E-002
           9  -3.6977350132843943E-002  -1.1724690365219176E-002   5.8048353940104588E-002
          10  -7.1509614398357606E-003  -3.0773999713552807E-002  -4.6404951886225003E-002
          11   1.9488613452724866E-002   5.0784499949344662E-002  -4.9575734804746675E-002
          12  -5.0457059642411168E-003   3.5594770326687612E-002  -3.5182022192609123E-002
          13   4.6650217184066520E-002  -2.2996510862796429E-002  -2.7042653116768095E-002
          14   2.0203126353126118E-003  -5.3550932864448167E-003   1.2600008788326109E-002
          15   5.5659777708307268E-002   2.3103570886554344E-002   6.3733384672630209E-003
          16   2.5600385958837544E-002  -9.2126163598330851E-003   2.3354685828046895E-002
          17   2.8682442808804342E-002   5.7717190274130820E-003   6.1516705306777089E-003
          18  -6.8002815581510610E-003   9.3185727959732931E-003   7.0015560995539345E-003
          19   3.2591169829208462E-002  -3.2988498745673403E-002   5.5357005621454493E-003
          20   3.5139896450287152E-002   5.1578207147389430E-003  -1.7691297891753270E-002
          21  -1.7598077924846710E-002  -1.7452251594212900E-002   1.7719349826687440E-002
          22   8.1315414950478802E-003  -1.5912926764086854E-002   1.6924092608245168E-002
          23   2.1495808939343608E-002   2.5036680376807813E-002  -9.8106808692017822E-003
          24   8.7757331946004460E-003   1.8275806979044514E-002   1.7438390425008592E-002
          25  -5.1082851227309432E-003   2.1370562413150423E-002   4.0489320442079020E-003
          26  -8.1824212465118670E-003  -1.0880194847115537E-002   4.0092974928317192E-003
          27   4.1557927625118535E-002  -1.5037948794245866E-002   2.3238969479119079E-002
          28  -1.7065832283143876E-002  -5.0531881571073819E-003   5.6761232859127994E-003
          29   1.8966930472335840E-002  -9.6295685256925483E-003   3.9281567108599244E-002
          30  -3.0919269896732784E-002  -1.0494640402974854E-002  -3.7214195856844504E-002
          31  -5.3852682884292366E-003  -2.8898066067118843E-003  -4.0783155909331651E-003
          32   5.0880723002218154E-004   9.6894951351769916E-004   1.7731634688911192E-002
          33  -3.9473726672496719E-002  -1.8027601374443144E-002  -1.8494907172465564E-002
          34  -1.4347599185311082E-002  -7.3915467554052754E-003   9.7029661421248383E-003
          35  -3.2067832578092245E-002  -7.4297271625301045E-003   1.1613817050963194E-002
          36  -1.2726372358744560E-002  -2.0097944046997680E-002  -2.3881952614244289E-002
          37  -3.6942017818097084E-003   5.9784394928236399E-003  -7.1848081841502818E-003
          38  -4.6988775536125099E-002   2.9286373675313455E-002   3.7199502006704847E-002
          39   1.4459659109949978E-002   3.7861001150250170E-003  -1.0349054328589480E-002
          40   4.8740571576252184E-004  -3.6199386339471891E-004  -6.1772834467081446E-004
          41   5.3911853320639379E-002  -8.5911465806938151E-003  -1.7481167868018282E-003
          42   5.9312312834501882E-003   2.7123510126867194E-002   9.1485741233061878E-003
          43   3.0376333791688439E-002  -2.8259388193072738E-002   1.3291707886653870E-002
          44  -4.3809622073791979E-002  -1.0311025780550121E-002   3.3087451568292577E-002
          45   1.8796000779323176E-002  -5.3661679113933330E-003  -4.8282281368786262E-002
          46  -2.6052181358820793E-003   1.0726353750623155E-002   1.0933379181284071E-002
          47  -2.4149294167704668E-002  -2.5108220951370580E-002  -4.9340098033370056E-002
          48   3.2195555395467590E-002   5.9748669935773286E-003   2.0708616632762529E-002
          49  -4.0393877634164910E-002   2.6339294238250004E-003  -3.4612837137427306E-002
          50   6.2398757580598334E-003  -1.9627974684729398E-002  -4.3515962191023771E-002
          51  -2.9943112147016875E-002   1.5860672106716350E-002   7.6620184863108983E-003
          52  -5.1049342617881785E-002   3.6412669285876907E-002   2.6006429316886320E-002
          53  -1.6194803212743669E-003  -4.1294686670318249E-002  -2.4692725566314251E-002
          54   1.7014356079555388E-002   2.9069607710385192E-002  -1.0524602059186389E-002
          55   1.4548365041240482E-002   8.0145055670576275E-004  -5.0695254424104590E-003
          56  -2.4360962391498878E-002  -3.8508375318477245E-003  -2.1568699835321496E-002
          57   2.1411857523741272E-002   9.8629422958308767E-003  -2.8757881638486551E-002
          58   1.3797261777161198E-003   7.7408876125894576E-003  -1.0757574242281825E-002
          59  -1.9575086249847939E-002  -2.0096558465115908E-002  -3.9391654616682682E-002
          60  -4.9254461964513802E-002  -2.0290298076444901E-002  -4.0488394134150264E-003
          61  -8.9704813740285501E-003   1.5909277345026600E-002   1.1321149895932267E-002
          62   5.2659646667880767E-003  -1.2609775966822324E-002  -2.9151796449211648E-002
          63  -2.0660013105488627E-003   9.1088027522406561E-003  -8.4054935950632296E-003
          64  -1.0910285453074594E-002  -2.2360480584528507E-002   1.0205646241685139E-002
          65  -4.4446080043557781E-005   1.2925908469991379E-002   1.4614121369749648E-002
          66   2.8038500362263692E-003   1.4861807506823541E-002   7.2615542854359075E-002
          67  -2.0690551328125421E-002   3.4458091848892009E-003   1.1852927387424881E-002
          68   4.7483354978125385E-002   7.7038731918657277E-004  -4.1254736579691351E-002
          69   3.5267799037577408E-003   1.9467956954969317E-002   4.4527032967692629E-002
          70   8.0776717304666193E-003   2.1201491196569968E-002   3.8205559943484999E-002
          71  -2.3070025071942377E-002   3.2495273172320260E-002   7.4528669334280925E-003
          72   4.4804193412374377E-002  -1.5895817773115984E-002  -4.1943172892189226E-002
          73  -3.8977283745637990E-002  -1.6265619563228799E-002  -3.7891757239677928E-002
          74  -3.2749577424392419E-002   2.9316335467288526E-002   3.7656614405422215E-002
          75   2.6563932191025055E-002   1.0942630517689888E-004   1.7154290771520225E-002
          76  -4.5368299569214987E-003  -1.3084690379510813E-002  -6.3310551150819227E-003
          77  -3.2682986339929838E-002   1.4307735857989695E-002  -6.0085889502844167E-003
          78   1.3678214348168134E-002   1.0434664262911576E-002  -1.6135414376197400E-002
          79  -2.7898963523504950E-002  -9.8991726932811611E-003   2.1728224387192203E-002
          80  -3.0303219320048942E-002   3.9271987224365451E-002  -3.1617809773062472E-002
          81  -2.1968662443679417E-003   1.8886457413014361E-002  -1.5939727490291628E-003
          82   1.1226461104717723E-003   2.9915379407657035E-002  -8.5055841872178975E-003
          83  -1.7396679161026003E-002  -8.8786874831387544E-003  -1.5667457109061398E-002
          84  -4.1415359865842258E-002  -1.7947983691186688E-002  -2.9971223122277468E-002
          85   2.0307643066140059E-003   1.1182064855813040E-002   1.5737377517223206E-003
          86  -4.4508276488311023E-002  -9.9872104013749192E-003  -9.7700136057460949E-003
          87  -1.1332128658023445E-002   1.2590349783627755E-002  -8.7548691540967945E-003
          88   1.3205694823771231E-002   5.7055868836228013E-002   1.4191541821599556E-002
          89  -1.9220358070630508E-002  -2.0647420089236874E-002   4.9497766250943008E-002
          90   7.1472042435283640E-003  -7.8963413110760723E-003   5.4738077497531443E-002
          91  -2.4278248303359024E-002  -4.9631235181892682E-003  -2.8831437309870485E-002
          92  -7.6440880991058297E-003  -6.8646005244608144E-003  -5.0065966132859602E-002
          93   3.4878836211075279E-002   1.8551946003664898E-002  -2.6154850081469207E-002
          94   2.2059568186457962E-002   1.0472103252692407E-002   1.5415730679436716E-002
          95   2.4001905332724685E-002   4.6673933844915645E-002  -1.3124530521244918E-002
          96   1.9908893602329992E-002  -3.2336484692783433E-002  -3.9736845997072168E-002
          97  -9.7654719108919447E-003  -1.0137094309318579E-002   2.4208410289975401E-002
          98  -6.2564042162106329E-003   2.0987781319406196E-002   1.8760182383600058E-002
          99  -2.0920412299681810E-002   1.2449944704039449E-002   1.9135741389827061E-002
         100   1.9611562616065187E-002  -1.3622558097524693E-002  -4.1140713091015031E-002
         101   5.5904371788193567E-002  -3.1583323825544150E-002  -2.0003432234210049E-002
         102  -1.4709102241172308E-002   4.9431425352103884E-003   2.0107829356173692E-002
         103   6.7303271139766618E-003  -7.1777888147817932E-005  -3.1996865661271308E-002
         104   1.1844897190927800E-002   3.2964676806176575E-002  -1.2372017739227982E-002
         105  -1.1365307698644271E-002  -2.0667475541227401E-002  -3.7057455642933224E-002
         106  -3.0872793309744382E-002  -1.6804879468062563E-002   2.3037840652076109E-002
         107  -1.6036581409786650E-002  -2.8235289925678057E-004  -3.7781931779861705E-003
         108  -8.3078610262499603E-003  -9.1332019081140151E-003   2.9716977828116348E-002
         109  -2.9187667894568337E-002   2.9649355726875238E-003  -2.5077259280735464E-002
         110   1.4059425047493199E-003   1.8399769259049951E-002  -9.0025686760090238E-003
         111   4.1670610824995964E-002  -3.1351765449232828E-002   2.6457276452163319E-002
         112  -8.5750193963372578E-003   2.6679298424480160E-002  -1.3035236042912681E-002
         113  -1.1578629296155040E-002   1.2544290354693594E-002   1.5010734166323368E-003
         114  -4.6413556199932770E-003  -5.9107941421351314E-003   3.8311520556426185E-002
         115   1.3236041952161092E-002  -2.7733193971536733E-002   6.2214144662318159E-003
         116   2.1885187773689696E-002   1.4645045794547770E-002  -1.8680745741571048E-003
         117  -2.6218027439927433E-002  -1.0851314103546308E-002   1.9890340665252079E-002
         118   1.5856387501878247E-002  -3.9950452864073983E-002   1.4944692393851221E-002
         119   3.5312631687189316E-002  -2.9009465616480795E-002  -6.1941035291752673E-003
         120   8.1095923949073209E-003  -1.6797860527523589E-002   7.7734100684638042E-004
         121   2.8300109757554353E-002   7.5219442954275791E-003  -7.2231078781332799E-003
         122   2.8137750830565085E-002  -5.2573931077425856E-003   7.7461019808196127E-002
         123   3.9360641156607748E-003   6.8879821964096021E-003  -3.3828305054800392E-003
         124  -1.3185096426807852E-002   1.4651129041102709E-002   5.8026042025147731E-002
         125   2.6178553124990286E-002  -2.7172723750812859E-002   8.5455069478095275E-005
         126   4.0475336170889366E-002   6.9545350947712867E-003   2.4127098727264328E-002
         127   4.3221170121999414E-002  -1.0783128930986490E-002   1.0939666316977138E-002
         128  -2.6894326719796267E-002  -1.0156907843357984E-002  -2.2950189259272964E-003
         129   5.5307301397672041E-003   1.4597410404381067E-002  -1.6891901691051498E-002
         130  -4.4847005263386058E-002  -1.4848841580221095E-002   2.2273026124691248E-002
         131  -2.4538037091627902E-002  -3.2711652726964018E-002  -6.3127476813227739E-003
         132   1.8760564795455296E-002  -6.7268783877994995E-003  -2.2448744336712682E-002
         133   2.0395083362391587E-002   9.2189029566387573E-004   1.7614033194578851E-002
         134  -3.6977350141049727E-002  -1.1724690393235865E-002   5.8048353944908197E-002
         135  -7.1509614346266775E-003  -3.0773999736386701E-002  -4.6404951877054415E-002
         136   1.9488613455716480E-002   5.0784499926715694E-002  -4.9575734803145713E-002
         137  -5.0457059966387283E-003   3.5594770295911911E-002  -3.5182022194056847E-002
         138   4.6650217160648107E-002  -2.2996510867754876E-002  -2.7042653105733731E-002
         139   2.0203126290439031E-003  -5.3550932690163387E-003   1.2600008801060304E-002
         140   5.5659777693113074E-002   2.3103570891150896E-002   6.3733384667425206E-003
         141   2.5600385932838615E-002  -9.2126163672255276E-003   2.3354685856583852E-002
         142   2.8682442845698510E-002   5.7717190091139646E-003   6.1516705623805091E-003
         143  -6.8002815584501941E-003   9.3185728077809123E-003   7.0015561208402102E-003
         144   3.2591169829816559E-002  -3.2988498743216833E-002   5.5357005644781658E-003
         145   3.5139896448872873E-002   5.1578207189456231E-003  -1.7691297908079665E-002
         146  -1.7598077935985553E-002  -1.7452251622619722E-002   1.7719349829252898E-002
         147   8.1315415153147101E-003  -1.5912926795583888E-002   1.6924092644434296E-002
         148   2.1495808947866762E-002   2.5036680373047088E-002  -9.8106808523684592E-003
         149   8.7757331839576954E-003   1.8275806998060581E-002   1.7438390443023810E-002
         150  -5.1082851327654130E-003   2.1370562416323471E-002   4.0489320136821881E-003
         151  -8.1824212267732187E-003  -1.0880194871351801E-002   4.0092974947006661E-003
         152   4.1557927612736488E-002  -1.5037948803838887E-002   2.3238969478516683E-002
         153  -1.7065832293972179E-002  -5.0531881647550370E-003   5.6761233112201520E-003
         154   1.8966930462365410E-002  -9.6295685408207665E-003   3.9281567123666018E-002
         155  -3.0919269886975104E-002  -1.0494640435281978E-002  -3.7214195844064081E-002
         156  -5.3852682684568205E-003  -2.8898065933013659E-003  -4.0783156109073472E-003
         157   5.0880722488237521E-004   9.6894950483396834E-004   1.7731634696684127E-002
         158  -3.9473726657792897E-002  -1.8027601357896671E-002  -1.8494907166157256E-002
         159  -1.4347599181632319E-002  -7.3915467904298775E-003   9.7029661198882022E-003
         160  -3.2067832574371867E-002  -7.4297271598820214E-003   1.1613817034961931E-002
         161  -1.2726372367242028E-002  -2.0097943990052592E-002  -2.3881952643665501E-002
         162  -3.6942017871088350E-003   5.9784395009191953E-003  -7.1848082255746050E-003
         163  -4.6988775545972833E-002   2.9286373642488116E-002   3.7199501986802011E-002
         164   1.4459659105599657E-002   3.7861001429970158E-003  -1.0349054368188190E-002
         165   4.8740572312948061E-004  -3.6199386559214333E-004  -6.1772834344078634E-004
         166   5.3911853320491400E-002  -8.5911466036205503E-003  -1.7481167893559045E-003
         167   5.9312312877299331E-003   2.7123510115366251E-002   9.1485741080800567E-003
         168   3.0376333775990305E-002  -2.8259388215322225E-002   1.3291707896006061E-002
         169  -4.3809622075309779E-002  -1.0311025798333517E-002   3.3087451567825575E-002
         170   1.8796000768195206E-002  -5.3661679000016763E-003  -4.8282281366570562E-002
         171  -2.6052181629166158E-003   1.0726353747013345E-002   1.0933379184106690E-002
         172  -2.4149294151586984E-002  -2.5108220926804752E-002  -4.9340098018974293E-002
         173   3.2195555383680879E-002   5.9748670032306371E-003   2.0708616622123012E-002
         174  -4.0393877630203606E-002   2.6339294502162585E-003  -3.4612837164321571E-002
         175   6.2398757302139646E-003  -1.9627974668898401E-002  -4.3515962208356969E-002
         176  -2.9943112164197379E-002   1.5860672126622909E-002   7.6620185064906424E-003
         177  -5.1049342598878812E-002   3.6412669263452616E-002   2.6006429324015500E-002
         178  -1.6194803233797522E-003  -4.1294686647180709E-002  -2.4692725600593272E-002
         179   1.7014356073661321E-002   2.9069607692297772E-002  -1.0524602041832670E-002
         180   1.4548365057055618E-002   8.0145050914864490E-004  -5.0695254547475687E-003
         181  -2.4360962373400272E-002  -3.8508374933222131E-003  -2.1568699851961911E-002
         182   2.1411857527987278E-002   9.8629423170572758E-003  -2.8757881645696464E-002
         183   1.3797261779655672E-003   7.7408876364604556E-003  -1.0757574260973100E-002
         184  -1.9575086247475292E-002  -2.0096558464486765E-002  -3.9391654621464746E-002
         185  -4.9254461980566842E-002  -2.0290298102456986E-002  -4.0488394132906676E-003
         186  -8.9704813519451768E-003   1.5909277338756057E-002   1.1321149905486348E-002
         187   5.2659646556203303E-003  -1.2609775973549430E-002  -2.9151796450783980E-002
         188  -2.0660013131254683E-003   9.1088027507001228E-003  -8.4054936005693269E-003
         189  -1.0910285450348120E-002  -2.2360480559765999E-002   1.0205646227527124E-002
         190  -4.4446049040356453E-005   1.2925908460055277E-002   1.4614121374899793E-002
         191   2.8038500298630331E-003   1.4861807497051502E-002   7.2615542852840415E-002
         192  -2.0690551322893522E-002   3.4458091763143648E-003   1.1852927393431353E-002
         193   4.7483354964459004E-002   7.7038730005371688E-004  -4.1254736582823921E-002
         194   3.5267798881581025E-003   1.9467956964996567E-002   4.4527032968798952E-002
         195   8.0776717376883390E-003   2.1201491213231973E-002   3.8205559934213637E-002
         196  -2.3070025065994149E-002   3.2495273163011595E-002   7.4528669388348942E-003
         197   4.4804193378717799E-002  -1.5895817790854347E-002  -4.1943172869402044E-002
         198  -3.8977283741786363E-002  -1.6265619589454126E-002  -3.7891757232709142E-002
         199  -3.2749577423710388E-002   2.9316335459470776E-002   3.7656614386561135E-002
         200   2.6563932190919883E-002   1.0942629287920085E-004   1.7154290756270264E-002
         201  -4.5368299411193379E-003  -1.3084690368392498E-002  -6.3310551236045167E-003
         202  -3.2682986347349272E-002   1.4307735868791041E-002  -6.0085889561037401E-003
         203   1.3678214355979953E-002   1.0434664283235133E-002  -1.6135414386562623E-002
         204  -2.7898963520346241E-002  -9.8991726754347580E-003   2.1728224404938181E-002
         205  -3.0303219303784459E-002   3.9271987229102780E-002  -3.1617809756290055E-002
         206  -2.1968662585848875E-003   1.8886457421656334E-002  -1.5939727425424088E-003
         207   1.1226461229118221E-003   2.9915379422008868E-002  -8.5055842356922973E-003
         208  -1.7396679150947499E-002  -8.8786874853821942E-003  -1.5667457090264306E-002
         209  -4.1415359863578964E-002  -1.7947983683377477E-002  -2.9971223135518931E-002
         210   2.0307642743137211E-003   1.1182064844316733E-002   1.5737377527131496E-003
         211  -4.4508276513329767E-002  -9.9872103893664972E-003  -9.7700135699348972E-003
         212  -1.1332128671494699E-002   1.2590349744409359E-002  -8.7548691411307913E-003
         213   1.3205694840997994E-002   5.7055868859592657E-002   1.4191541794277477E-002
         214  -1.9220358056569742E-002  -2.0647420090767261E-002   4.9497766244844109E-002
         215   7.1472042672907988E-003  -7.8963413082684328E-003   5.4738077485720092E-002
         216  -2.4278248280318212E-002  -4.9631235014783778E-003  -2.8831437311470788E-002
         217  -7.6440880876396120E-003  -6.8646005235122824E-003  -5.0065966119602734E-002
         218   3.4878836251229429E-002   1.8551946017624086E-002  -2.6154850087139896E-002
         219   2.2059568183534255E-002   1.0472103253672604E-002   1.5415730691735201E-002
         220   2.4001905323159354E-002   4.6673933837606700E-002  -1.3124530504154448E-002
         221   1.9908893597746724E-002  -3.2336484694285343E-002  -3.9736845980480259E-002
         222  -9.7654719042212217E-003  -1.0137094294631655E-002   2.4208410256302316E-002
         223  -6.2564042377864278E-003   2.0987781323116891E-002   1.8760182386098161E-002
         224  -2.0920412305333983E-002   1.2449944684908901E-002   1.9135741372155405E-002
         225   1.9611562585912019E-002  -1.3622558099949285E-002  -4.1140713091047734E-002
         226   5.5904371768303214E-002  -3.1583323825136719E-002  -2.0003432221968289E-002
         227  -1.4709102227727327E-002   4.9431425241269504E-003   2.0107829346620351E-002
         228   6.7303271184986236E-003  -7.1777916497868375E-005  -3.1996865666870010E-002
         229   1.1844897186883021E-002   3.2964676827456976E-002  -1.2372017749193217E-002
         230  -1.1365307703264150E-002  -2.0667475531362240E-002  -3.7057455677277279E-002
         231  -3.0872793295335110E-002  -1.6804879481814073E-002   2.3037840681841538E-002
         232  -1.6036581404418451E-002  -2.8235289059846296E-004  -3.7781931721551742E-003
         233  -8.3078610352640397E-003  -9.1332018876989808E-003   2.9716977840569675E-002
         234  -2.9187667899710706E-002   2.9649355838998592E-003  -2.5077259294209606E-002
         235   1.4059425265471107E-003   1.8399769244679964E-002  -9.0025686810752664E-003
         236   4.1670610853359866E-002  -3.1351765454012526E-002   2.6457276436096081E-002
         237  -8.5750193813581045E-003   2.6679298441877462E-002  -1.3035236069003786E-002
         238  -1.1578629306791788E-002   1.2544290362060718E-002   1.5010734337688261E-003
         239  -4.6413556246417314E-003  -5.9107941109576142E-003   3.8311520565837476E-002
         240   1.3236041954662846E-002  -2.7733193946871078E-002   6.2214144470174480E-003
         241   2.1885187754320974E-002   1.4645045791905779E-002  -1.8680745793484841E-003
         242  -2.6218027474153374E-002  -1.0851314133286728E-002   1.9890340670368486E-002
         243   1.5856387491082747E-002  -3.9950452868008732E-002   1.4944692395313560E-002
         244   3.5312631674938907E-002  -2.9009465611696341E-002  -6.1941034951637480E-003
         245   8.1095924129187917E-003  -1.6797860513845894E-002   7.7734101412111755E-004
         246   2.8300109717106295E-002   7.5219443026437165E-003  -7.2231079167880173E-003
         247   2.8137750814577547E-002  -5.2573930713367741E-003   7.7461019820360064E-002
         248   3.9360640902814867E-003   6.8879821758164074E-003  -3.3828305190375567E-003
         249  -1.3185096416141953E-002   1.4651129061025640E-002   5.8026042022851568E-002
         250   2.6178553123540692E-002  -2.7172723749352083E-002   8.5455086935542276E-005
         251   4.0475336186897450E-002   6.9545350867133687E-003   2.4127098735954516E-002
         252   4.3221170125243055E-002  -1.0783128912002147E-002   1.0939666316049918E-002
         253  -2.6894326699164181E-002  -1.0156907850892346E-002  -2.2950189450163727E-003
         254   5.5307301355546380E-003   1.4597410415968421E-002  -1.6891901677267021E-002
         255  -4.4847005258566684E-002  -1.4848841570900648E-002   2.2273026139432696E-002
         256  -2.4538037120728079E-002  -3.2711652739690261E-002  -6.3127476877982832E-003
         257   1.8760564782952485E-002  -6.7268783936898753E-003  -2.2448744307253635E-002
         258   2.0395083357778107E-002   9.2189027443607074E-004   1.7614033210069040E-002
         259  -3.6977350111716718E-002  -1.1724690344787228E-002   5.8048353919441582E-002
         260  -7.1509614205627556E-003  -3.0773999716253483E-002  -4.6404951893977767E-002
         261   1.9488613461416521E-002   5.0784499929159357E-002  -4.9575734782407954E-002
         262  -5.0457059790212592E-003   3.5594770303675152E-002  -3.5182022210071960E-002
         263   4.6650217155061839E-002  -2.2996510861218900E-002  -2.7042653115867180E-002
         264   2.0203126278147301E-003  -5.3550932850039996E-003   1.2600008798438400E-002
         265   5.5659777707238463E-002   2.3103570874550082E-002   6.3733384449878106E-003
         266   2.5600385967051793E-002  -9.2126163736145732E-003   2.3354685852019517E-002
         267   2.8682442826560999E-002   5.7717190305529671E-003   6.1516705585982915E-003
         268  -6.8002815563350787E-003   9.3185727846457397E-003   7.0015561070710273E-003
         269   3.2591169845748266E-002  -3.2988498752854784E-002   5.5357005699163157E-003
         270   3.5139896448487591E-002   5.1578207226357382E-003  -1.7691297903331727E-002
         271  -1.7598077930918141E-002  -1.7452251600613682E-002   1.7719349831688165E-002
         272   8.1315414944527400E-003  -1.5912926807909022E-002   1.6924092628695406E-002
         273   2.1495808947022191E-002   2.5036680366423751E-002  -9.8106808770515100E-003
         274   8.7757331896247646E-003   1.8275806973355842E-002   1.7438390452607391E-002
         275  -5.1082851155127059E-003   2.1370562418897260E-002   4.0489320542335724E-003
         276  -8.1824212358984887E-003  -1.0880194859701280E-002   4.0092974831972793E-003
         277   4.1557927620745339E-002  -1.5037948779030886E-002   2.3238969491304877E-002
         278  -1.7065832264196616E-002  -5.0531881448470390E-003   5.6761232678449059E-003
         279   1.8966930453673564E-002  -9.6295685357070913E-003   3.9281567103947118E-002
         280  -3.0919269899253081E-002  -1.0494640413281117E-002  -3.7214195847628057E-002
         281  -5.3852682714025926E-003  -2.8898066136365608E-003  -4.0783155944298368E-003
         282   5.0880724331999003E-004   9.6894950714153979E-004   1.7731634692202125E-002
         283  -3.9473726668321836E-002  -1.8027601386268903E-002  -1.8494907183759502E-002
         284  -1.4347599178364725E-002  -7.3915468031054057E-003   9.7029661348281768E-003
         285  -3.2067832571512161E-002  -7.4297271635061423E-003   1.1613817055582138E-002
         286  -1.2726372349615342E-002  -2.0097944000488394E-002  -2.3881952603435293E-002
         287  -3.6942017967249640E-003   5.9784395130412287E-003  -7.1848081948155664E-003
         288  -4.6988775543624073E-002   2.9286373659133363E-002   3.7199502029040307E-002
         289   1.4459659094284337E-002   3.7861001324979602E-003  -1.0349054346867214E-002
         290   4.8740572618404286E-004  -3.6199385244963450E-004  -6.1772833763273330E-004
         291   5.3911853334855334E-002  -8.5911465865506995E-003  -1.7481167839534680E-003
         292   5.9312312540077379E-003   2.7123510118641732E-002   9.1485741145598109E-003
         293   3.0376333804066184E-002  -2.8259388196743361E-002   1.3291707870074150E-002
         294  -4.3809622075374165E-002  -1.0311025803816702E-002   3.3087451555348923E-002
         295   1.8796000761772833E-002  -5.3661678981498980E-003  -4.8282281369784207E-002
         296  -2.6052181468025348E-003   1.0726353761273578E-002   1.0933379162693517E-002
         297  -2.4149294166016792E-002  -2.5108220931272296E-002  -4.9340098011953860E-002
         298   3.2195555382474414E-002   5.9748670049197591E-003   2.0708616639773837E-002
         299  -4.0393877640851825E-002   2.6339294325829735E-003  -3.4612837176052492E-002
         300   6.2398757533707674E-003  -1.9627974669567928E-002  -4.3515962191099058E-002
         301  -2.9943112131714876E-002   1.5860672105767984E-002   7.6620184809715322E-003
         302  -5.1049342606832047E-002   3.6412669277005677E-002   2.6006429322227350E-002
         303  -1.6194803278287652E-003  -4.1294686639965862E-002  -2.4692725580092958E-002
         304   1.7014356085916477E-002   2.9069607705121063E-002  -1.0524602059392750E-002
         305   1.4548365044628775E-002   8.0145055805130525E-004  -5.0695254343417215E-003
         306  -2.4360962371082599E-002  -3.8508375277530888E-003  -2.1568699831894297E-002
         307   2.1411857518075332E-002   9.8629423084503030E-003  -2.8757881656953525E-002
         308   1.3797261800619221E-003   7.7408876312066010E-003  -1.0757574237678551E-002
         309  -1.9575086250075424E-002  -2.0096558459073488E-002  -3.9391654644379291E-002
         310  -4.9254461969512851E-002  -2.0290298068410071E-002  -4.0488394129835582E-003
         311  -8.9704813655465000E-003   1.5909277350054204E-002   1.1321149908299790E-002
         312   5.2659646493310713E-003  -1.2609775956426690E-002  -2.9151796454662458E-002
         313  -2.0660013000896771E-003   9.1088027519012817E-003  -8.4054936099539970E-003
         314  -1.0910285474382393E-002  -2.2360480569537305E-002   1.0205646241075603E-002
         315  -4.4446060315609394E-005   1.2925908482500243E-002   1.4614121356931211E-002
         316   2.8038500369376527E-003   1.4861807517394699E-002   7.2615542880379885E-002
         317  -2.0690551331855832E-002   3.4458091933060324E-003   1.1852927377774807E-002
         318   4.7483354973878997E-002   7.7038730319971564E-004  -4.1254736570341836E-002
         319   3.5267798845060455E-003   1.9467956991033798E-002   4.4527032975879080E-002
         320   8.0776717254678592E-003   2.1201491201276231E-002   3.8205559936630502E-002
         321  -2.3070025053050166E-002   3.2495273139961006E-002   7.4528669634869133E-003
         322   4.4804193470486399E-002  -1.5895817797250716E-002  -4.1943172899925454E-002
         323  -3.8977283741072198E-002  -1.6265619577149695E-002  -3.7891757267640623E-002
         324  -3.2749577418045496E-002   2.9316335457151770E-002   3.7656614395257214E-002
         325   2.6563932205226834E-002   1.0942632439994912E-004   1.7154290768572614E-002
         326  -4.5368299532450073E-003  -1.3084690383066437E-002  -6.3310551433609719E-003
         327  -3.2682986348244701E-002   1.4307735861162628E-002  -6.0085889376152654E-003
         328   1.3678214350507659E-002   1.0434664286429482E-002  -1.6135414375145291E-002
         329  -2.7898963534993708E-002  -9.8991726708530445E-003   2.1728224393285051E-002
         330  -3.0303219328266486E-002   3.9271987236594495E-002  -3.1617809785017520E-002
         331  -2.1968662282777387E-003   1.8886457434508040E-002  -1.5939727420830000E-003
         332   1.1226461328606462E-003   2.9915379402470868E-002  -8.5055842204726576E-003
         333  -1.7396679156108617E-002  -8.8786874806650214E-003  -1.5667457092271655E-002
         334  -4.1415359862348497E-002  -1.7947983718623405E-002  -2.9971223127729003E-002
         335   2.0307642999216630E-003   1.1182064852390681E-002   1.5737377478146164E-003
         336  -4.4508276491634788E-002  -9.9872103996804934E-003  -9.7700135921627174E-003
         337  -1.1332128670987337E-002   1.2590349767612925E-002  -8.7548691746894662E-003
         338   1.3205694834441959E-002   5.7055868847970502E-002   1.4191541865488060E-002
         339  -1.9220358058178656E-002  -2.0647420085722869E-002   4.9497766251611064E-002
         340   7.1472042435322247E-003  -7.8963412875691173E-003   5.4738077472052026E-002
         341  -2.4278248299092805E-002  -4.9631235164737846E-003  -2.8831437321655440E-002
         342  -7.6440880903685671E-003  -6.8646005228024647E-003  -5.0065966151180391E-002
         343   3.4878836236574756E-002   1.8551946012134824E-002  -2.6154850072388196E-002
         344   2.2059568196853709E-002   1.0472103257990285E-002   1.5415730683254249E-002
         345   2.4001905333171293E-002   4.6673933852375900E-002  -1.3124530535156611E-002
         346   1.9908893624004862E-002  -3.2336484696965484E-002  -3.9736846004985817E-002
         347  -9.7654719178341520E-003  -1.0137094304418538E-002   2.4208410287803944E-002
         348  -6.2564042431956998E-003   2.0987781337956046E-002   1.8760182387171597E-002
         349  -2.0920412318637099E-002   1.2449944705653188E-002   1.9135741375867127E-002
         350   1.9611562584850094E-002  -1.3622558116018214E-002  -4.1140713102228554E-002
         351   5.5904371774102901E-002  -3.1583323834440138E-002  -2.0003432224975949E-002
         352  -1.4709102246737098E-002   4.9431425346398751E-003   2.0107829336649188E-002
         353   6.7303270988020017E-003  -7.1777898896863276E-005  -3.1996865660217595E-002
         354   1.1844897185384730E-002   3.2964676814480565E-002  -1.2372017738407784E-002
         355  -1.1365307720048994E-002  -2.0667475557970130E-002  -3.7057455650455519E-002
         356  -3.0872793340602708E-002  -1.6804879468381641E-002   2.3037840647803075E-002
         357  -1.6036581401473984E-002  -2.8235288780235207E-004  -3.7781931931250125E-003
         358  -8.3078610069582410E-003  -9.1332019041239793E-003   2.9716977846943052E-002
         359  -2.9187667893953245E-002   2.9649355647886613E-003  -2.5077259296117489E-002
         360   1.4059425028809839E-003   1.8399769250576702E-002  -9.0025686625495802E-003
         361   4.1670610839451179E-002  -3.1351765450914303E-002   2.6457276445276651E-002
         362  -8.5750193694490075E-003   2.6679298405791987E-002  -1.3035236033046380E-002
         363  -1.1578629289375988E-002   1.2544290350426287E-002   1.5010734115750214E-003
         364  -4.6413556105151469E-003  -5.9107941479709771E-003   3.8311520559229401E-002
         365   1.3236041952849968E-002  -2.7733193963686262E-002   6.2214144752842397E-003
         366   2.1885187747071336E-002   1.4645045810506291E-002  -1.8680745686548862E-003
         367  -2.6218027448536317E-002  -1.0851314107837812E-002   1.9890340660950755E-002
         368   1.5856387501728575E-002  -3.9950452861555762E-002   1.4944692397043234E-002
         369   3.5312631701599227E-002  -2.9009465614399425E-002  -6.1941035270580086E-003
         370   8.1095923956380749E-003  -1.6797860527636724E-002   7.7734102720308763E-004
         371   2.8300109773007030E-002   7.5219442976579036E-003  -7.2231078882727543E-003
         372   2.8137750837742614E-002  -5.2573931249463709E-003   7.7461019812473428E-002
         373   3.9360641052136889E-003   6.8879821686141079E-003  -3.3828305244580233E-003
         374  -1.3185096434066039E-002   1.4651129063417900E-002   5.8026042025090041E-002
         375   2.6178553111252844E-002  -2.7172723741979724E-002   8.5455056910715521E-005
         376   4.0475336184257048E-002   6.9545351155349232E-003   2.4127098735451775E-002
         377   4.3221170111271051E-002  -1.0783128909218721E-002   1.0939666320510265E-002
         378  -2.6894326703722982E-002  -1.0156907838161684E-002  -2.2950189607190271E-003
         379   5.5307301500008748E-003   1.4597410412530851E-002  -1.6891901699336385E-002
         380  -4.4847005258250396E-002  -1.4848841563627382E-002   2.2273026139728307E-002
         381  -2.4538037107351789E-002  -3.2711652715100903E-002  -6.3127476920857763E-003
         382   1.8760564786892996E-002  -6.7268784160328431E-003  -2.2448744304271840E-002
         383   2.0395083345505893E-002   9.2189030031260722E-004   1.7614033218384881E-002
         384  -3.6977350123408560E-002  -1.1724690359882373E-002   5.8048353949048524E-002
         385  -7.1509614205881641E-003  -3.0773999729382100E-002  -4.6404951884911894E-002
         386   1.9488613468280663E-002   5.0784499926086447E-002  -4.9575734794722950E-002
         387  -5.0457059778093519E-003   3.5594770294210147E-002  -3.5182022205068594E-002
         388   4.6650217156311589E-002  -2.2996510863169208E-002  -2.7042653126462427E-002
         389   2.0203126383202845E-003  -5.3550932976046510E-003   1.2600008775326112E-002
         390   5.5659777716626203E-002   2.3103570894261488E-002   6.3733384583954536E-003
         391   2.5600385962217916E-002  -9.2126163748930141E-003   2.3354685861724934E-002
         392   2.8682442831720289E-002   5.7717190237947099E-003   6.1516705385823338E-003
         393  -6.8002815644062735E-003   9.3185728089845449E-003   7.0015561169114006E-003
         394   3.2591169825525276E-002  -3.2988498732595857E-002   5.5357005360674155E-003
         395   3.5139896463205617E-002   5.1578207081452339E-003  -1.7691297878370305E-002
         396  -1.7598077946148594E-002  -1.7452251616774706E-002   1.7719349849895431E-002
         397   8.1315414981274221E-003  -1.5912926778383747E-002   1.6924092596649679E-002
         398   2.1495808951371369E-002   2.5036680356846568E-002  -9.8106808773046478E-003
         399   8.7757331750613881E-003   1.8275806999482332E-002   1.7438390451885898E-002
         400  -5.1082851116307304E-003   2.1370562409775768E-002   4.0489320297970241E-003
         401  -8.1824212404949040E-003  -1.0880194894270090E-002   4.0092974742053505E-003
         402   4.1557927590302059E-002  -1.5037948772378532E-002   2.3238969488195121E-002
         403  -1.7065832274401688E-002  -5.0531881645204729E-003   5.6761232725631014E-003
         404   1.8966930449484377E-002  -9.6295685446501373E-003   3.9281567096855818E-002
         405  -3.0919269895184578E-002  -1.0494640392712465E-002  -3.7214195864009307E-002
         406  -5.3852682752254261E-003  -2.8898065835155189E-003  -4.0783156076620083E-003
         407   5.0880723548316878E-004   9.6894953196130420E-004   1.7731634689083474E-002
         408  -3.9473726671210678E-002  -1.8027601364337599E-002  -1.8494907168580002E-002
         409  -1.4347599184527361E-002  -7.3915468044184083E-003   9.7029661168512218E-003
         410  -3.2067832556284571E-002  -7.4297271812361568E-003   1.1613817034677293E-002
         411  -1.2726372367619605E-002  -2.0097944008635533E-002  -2.3881952631768968E-002
         412  -3.6942017906152875E-003   5.9784395054877726E-003  -7.1848081869160018E-003
         413  -4.6988775539554155E-002   2.9286373655217805E-002   3.7199501993746407E-002
         414   1.4459659075992330E-002   3.7861001258203417E-003  -1.0349054378952711E-002
         415   4.8740572489280290E-004  -3.6199386716181882E-004  -6.1772836114861753E-004
         416   5.3911853323672140E-002  -8.5911465726741226E-003  -1.7481167984350714E-003
         417   5.9312312825388139E-003   2.7123510116545676E-002   9.1485741266216676E-003
         418   3.0376333776980072E-002  -2.8259388209962381E-002   1.3291707888496903E-002
         419  -4.3809622074798542E-002  -1.0311025793519240E-002   3.3087451568664154E-002
         420   1.8796000757593002E-002  -5.3661679014350783E-003  -4.8282281372241047E-002
         421  -2.6052181539211188E-003   1.0726353777430695E-002   1.0933379188885654E-002
         422  -2.4149294140322342E-002  -2.5108220930981910E-002  -4.9340098000656023E-002
         423   3.2195555396337061E-002   5.9748669856584643E-003   2.0708616630776777E-002
         424  -4.0393877659239477E-002   2.6339294493273268E-003  -3.4612837159297548E-002
         425   6.2398757611211806E-003  -1.9627974683380050E-002  -4.3515962179576859E-002
         426  -2.9943112152350522E-002   1.5860672094731045E-002   7.6620184950185475E-003
         427  -5.1049342606868164E-002   3.6412669292315535E-002   2.6006429340261334E-002
         428  -1.6194803218411936E-003  -4.1294686664158406E-002  -2.4692725573078861E-002
         429   1.7014356077619922E-002   2.9069607706584451E-002  -1.0524602056777485E-002
         430   1.4548365058853914E-002   8.0145056259144543E-004  -5.0695254531232629E-003
         431  -2.4360962380957113E-002  -3.8508375030990036E-003  -2.1568699810370098E-002
         432   2.1411857517308733E-002   9.8629423033542215E-003  -2.8757881649842762E-002
         433   1.3797261805056108E-003   7.7408876244420043E-003  -1.0757574260721719E-002
         434  -1.9575086264140069E-002  -2.0096558455915368E-002  -3.9391654628439819E-002
         435  -4.9254461976292359E-002  -2.0290298044159116E-002  -4.0488394184783390E-003
         436  -8.9704813690567355E-003   1.5909277331444191E-002   1.1321149904514072E-002
         437   5.2659646621560866E-003  -1.2609775968010932E-002  -2.9151796448712356E-002
         438  -2.0660013114038585E-003   9.1088027398952710E-003  -8.4054936029435891E-003
         439  -1.0910285456121872E-002  -2.2360480576700932E-002   1.0205646244526290E-002
         440  -4.4446053775266088E-005   1.2925908478682534E-002   1.4614121346868450E-002
         441   2.8038500425570669E-003   1.4861807522738076E-002   7.2615542883683784E-002
         442  -2.0690551341609940E-002   3.4458091958362216E-003   1.1852927382335244E-002
         443   4.7483355006557891E-002   7.7038729108666972E-004  -4.1254736572246764E-002
         444   3.5267798889012472E-003   1.9467956973229842E-002   4.4527032977801528E-002
         445   8.0776717408175096E-003   2.1201491197312388E-002   3.8205559929079855E-002
         446  -2.3070025067629688E-002   3.2495273164420843E-002   7.4528669583080924E-003
         447   4.4804193414950379E-002  -1.5895817796090884E-002  -4.1943172896624602E-002
         448  -3.8977283732787346E-002  -1.6265619571110727E-002  -3.7891757241220417E-002
         449  -3.2749577413647202E-002   2.9316335471422678E-002   3.7656614395462071E-002
         450   2.6563932207552876E-002   1.0942631741665584E-004   1.7154290768588636E-002
         451  -4.5368299579506962E-003  -1.3084690390336703E-002  -6.3310551355916511E-003
         452  -3.2682986346876816E-002   1.4307735891428901E-002  -6.0085889553229115E-003
         453   1.3678214366486273E-002   1.0434664291543432E-002  -1.6135414354229539E-002
         454  -2.7898963521207340E-002  -9.8991727004540241E-003   2.1728224401983531E-002
         455  -3.0303219319088578E-002   3.9271987234213955E-002  -3.1617809764899349E-002
         456  -2.1968662378975849E-003   1.8886457429123163E-002  -1.5939727521035376E-003
         457   1.1226461306055079E-003   2.9915379388879969E-002  -8.5055841812470764E-003
         458  -1.7396679146778955E-002  -8.8786874931257639E-003  -1.5667457103315310E-002
         459  -4.1415359874345539E-002  -1.7947983697353530E-002  -2.9971223127778977E-002
         460   2.0307642782748602E-003   1.1182064863755970E-002   1.5737377417798719E-003
         461  -4.4508276503203062E-002  -9.9872103765277810E-003  -9.7700135693344643E-003
         462  -1.1332128650084339E-002   1.2590349766447618E-002  -8.7548691740690875E-003
         463   1.3205694835209817E-002   5.7055868876281411E-002   1.4191541833796440E-002
         464  -1.9220358045258019E-002  -2.0647420097869011E-002   4.9497766257247389E-002
         465   7.1472042511557862E-003  -7.8963413013779515E-003   5.4738077503957351E-002
         466  -2.4278248295706181E-002  -4.9631235149505508E-003  -2.8831437315925478E-002
         467  -7.6440881124183718E-003  -6.8646005348442446E-003  -5.0065966132370271E-002
         468   3.4878836215482087E-002   1.8551945988062417E-002  -2.6154850055426098E-002
         469   2.2059568180121399E-002   1.0472103256919635E-002   1.5415730680507216E-002
         470   2.4001905317591398E-002   4.6673933873486770E-002  -1.3124530518286950E-002
         471   1.9908893630735065E-002  -3.2336484723436774E-002  -3.9736845999790937E-002
         472  -9.7654718910257059E-003  -1.0137094323074611E-002   2.4208410271267976E-002
         473  -6.2564042313480572E-003   2.0987781346406796E-002   1.8760182370955249E-002
         474  -2.0920412309618708E-002   1.2449944710119830E-002   1.9135741395165561E-002
         475   1.9611562585667687E-002  -1.3622558096159639E-002  -4.1140713111144582E-002
         476   5.5904371762337257E-002  -3.1583323815302426E-002  -2.0003432237225588E-002
         477  -1.4709102243233579E-002   4.9431425332811087E-003   2.0107829362198269E-002
         478   6.7303271038397757E-003  -7.1777894127360151E-005  -3.1996865664927009E-002
         479   1.1844897217184975E-002   3.2964676816755134E-002  -1.2372017753992378E-002
         480  -1.1365307688143049E-002  -2.0667475547972141E-002  -3.7057455657851179E-002
         481  -3.0872793312754183E-002  -1.6804879465979559E-002   2.3037840663459028E-002
         482  -1.6036581418485102E-002  -2.8235288098434248E-004  -3.7781931755725799E-003
         483  -8.3078610401105188E-003  -9.1332019052514819E-003   2.9716977819389132E-002
         484  -2.9187667886366179E-002   2.9649355635556272E-003  -2.5077259284139921E-002
         485   1.4059425107423892E-003   1.8399769260711765E-002  -9.0025686694615269E-003
         486   4.1670610841265492E-002  -3.1351765442724111E-002   2.6457276455906880E-002
         487  -8.5750193949079116E-003   2.6679298410819018E-002  -1.3035236051197460E-002
         488  -1.1578629284143258E-002   1.2544290339555168E-002   1.5010734067279375E-003
         489  -4.6413556133498264E-003  -5.9107941367258117E-003   3.8311520556664258E-002
         490   1.3236041961525731E-002  -2.7733193980990722E-002   6.2214144540091226E-003
         491   2.1885187771241692E-002   1.4645045782717424E-002  -1.8680745687570505E-003
         492  -2.6218027457024902E-002  -1.0851314110167100E-002   1.9890340646301512E-002
         493   1.5856387499551650E-002  -3.9950452866787278E-002   1.4944692398233084E-002
         494   3.5312631679657328E-002  -2.9009465628638514E-002  -6.1941035202568136E-003
         495   8.1095923959564314E-003  -1.6797860507045809E-002   7.7734103401843745E-004
         496   2.8300109766544155E-002   7.5219442755437597E-003  -7.2231078857861565E-003
         497   2.8137750842814148E-002  -5.2573931061296528E-003   7.7461019823655039E-002
         498   3.9360640813218073E-003   6.8879821740050239E-003  -3.3828305327635159E-003
         499  -1.3185096435897839E-002   1.4651129017429201E-002   5.8026042021278583E-002
         500   2.6178553117167828E-002  -2.7172723756326088E-002   8.5455055890950587E-005
         501   4.0475336187702472E-002   6.9545351073324055E-003   2.4127098725416282E-002
         502   4.3221170104510112E-002  -1.0783128926019250E-002   1.0939666314102691E-002
         503  -2.6894326699358047E-002  -1.0156907842884986E-002  -2.2950189356903631E-003
         504   5.5307301403844282E-003   1.4597410413492010E-002  -1.6891901691007485E-002
         505  -4.4847005246538243E-002  -1.4848841590007317E-002   2.2273026134099989E-002
         506  -2.4538037112103582E-002  -3.2711652731580089E-002  -6.3127476733966358E-003
         507   1.8760564802131150E-002  -6.7268783972206361E-003  -2.2448744308463657E-002
         508   2.0395083353399693E-002   9.2189028360741021E-004   1.7614033199255009E-002
         509  -3.6977350124480272E-002  -1.1724690348128359E-002   5.8048353915783141E-002
         510  -7.1509614444688245E-003  -3.0773999738915349E-002  -4.6404951889753736E-002
         511   1.9488613463995802E-002   5.0784499960194879E-002  -4.9575734808857463E-002
         512  -5.0457059664672224E-003   3.5594770304027835E-002  -3.5182022207244139E-002
         513   4.6650217155585469E-002  -2.2996510883611727E-002  -2.7042653116332430E-002
         514   2.0203126159488087E-003  -5.3550932694759260E-003   1.2600008807395629E-002
         515   5.5659777670596058E-002   2.3103570882877577E-002   6.3733384585773559E-003
         516   2.5600385963175942E-002  -9.2126163886632577E-003   2.3354685845522239E-002
         517   2.8682442840961626E-002   5.7717190158057445E-003   6.1516705483579777E-003
         518  -6.8002815591801831E-003   9.3185727900877199E-003   7.0015561270860456E-003
         519   3.2591169846585041E-002  -3.2988498716673427E-002   5.5357005794470617E-003
         520   3.5139896434591103E-002   5.1578207244525123E-003  -1.7691297892556895E-002
         521  -1.7598077923444651E-002  -1.7452251600592748E-002   1.7719349825533560E-002
         522   8.1315415022908104E-003  -1.5912926787880460E-002   1.6924092631021095E-002
         523   2.1495808956457110E-002   2.5036680354322306E-002  -9.8106809042548052E-003
         524   8.7757331756107716E-003   1.8275806973864165E-002   1.7438390429992144E-002
         525  -5.1082851263004065E-003   2.1370562401419518E-002   4.0489320398913410E-003
         526  -8.1824212313287362E-003  -1.0880194862614920E-002   4.0092975273884387E-003
         527   4.1557927626718207E-002  -1.5037948774189109E-002   2.3238969489741218E-002
         528  -1.7065832258896820E-002  -5.0531881636058555E-003   5.6761232847390916E-003
         529   1.8966930461929005E-002  -9.6295685358923442E-003   3.9281567132384003E-002
         530  -3.0919269901235669E-002  -1.0494640417510928E-002  -3.7214195862168079E-002
         531  -5.3852682756519278E-003  -2.8898066248478397E-003  -4.0783155819490748E-003
         532   5.0880723819844904E-004   9.6894952604194675E-004   1.7731634681910538E-002
         533  -3.9473726672183171E-002  -1.8027601358509865E-002  -1.8494907177907190E-002
         534  -1.4347599180542167E-002  -7.3915467723939636E-003   9.7029661070327251E-003
         535  -3.2067832566427701E-002  -7.4297271759381361E-003   1.1613817038940129E-002
         536  -1.2726372356396854E-002  -2.0097944000845344E-002  -2.3881952615182396E-002
         537  -3.6942017919990144E-003   5.9784395023440217E-003  -7.1848081992191117E-003
         538  -4.6988775533546384E-002   2.9286373653094517E-002   3.7199502021385486E-002
         539   1.4459659050113441E-002   3.7861001428363887E-003  -1.0349054366294441E-002
         540   4.8740572609142884E-004  -3.6199386731672800E-004  -6.1772834739809868E-004
         541   5.3911853331807987E-002  -8.5911465764770458E-003  -1.7481167775752376E-003
         542   5.9312312631753508E-003   2.7123510120740085E-002   9.1485741304187032E-003
         543   3.0376333801587510E-002  -2.8259388180277935E-002   1.3291707877964189E-002
         544  -4.3809622094248511E-002  -1.0311025768753309E-002   3.3087451561188343E-002
         545   1.8796000780855582E-002  -5.3661679033817199E-003  -4.8282281348293744E-002
         546  -2.6052181542272857E-003   1.0726353755506240E-002   1.0933379171893439E-002
         547  -2.4149294145064587E-002  -2.5108220943947948E-002  -4.9340098001986625E-002
         548   3.2195555394996807E-002   5.9748669886915025E-003   2.0708616623704920E-002
         549  -4.0393877640922858E-002   2.6339294307715457E-003  -3.4612837154862706E-002
         550   6.2398757407174568E-003  -1.9627974672403910E-002  -4.3515962204727497E-002
         551  -2.9943112130386071E-002   1.5860672097509500E-002   7.6620184656052753E-003
         552  -5.1049342602922224E-002   3.6412669278505616E-002   2.6006429312834263E-002
         553  -1.6194803420984981E-003  -4.1294686644933069E-002  -2.4692725587661810E-002
         554   1.7014356085163527E-002   2.9069607707481147E-002  -1.0524602062497241E-002
         555   1.4548365044957087E-002   8.0145056139617184E-004  -5.0695254200690369E-003
         556  -2.4360962376988603E-002  -3.8508375061880960E-003  -2.1568699841745479E-002
         557   2.1411857505621214E-002   9.8629422925566694E-003  -2.8757881655893307E-002
         558   1.3797261773135191E-003   7.7408876425129362E-003  -1.0757574247381415E-002
         559  -1.9575086252433680E-002  -2.0096558462555970E-002  -3.9391654649338005E-002
         560  -4.9254461965771823E-002  -2.0290298047681010E-002  -4.0488394142249255E-003
         561  -8.9704813713422406E-003   1.5909277331357496E-002   1.1321149899082745E-002
         562   5.2659646750018007E-003  -1.2609775975589235E-002  -2.9151796484940554E-002
         563  -2.0660013346389685E-003   9.1088027581267463E-003  -8.4054935994549024E-003
         564  -1.0910285468627167E-002  -2.2360480585662611E-002   1.0205646221789095E-002
         565  -4.4446060857572678E-005   1.2925908476168292E-002   1.4614121348999649E-002
         566   2.8038500297299538E-003   1.4861807512830337E-002   7.2615542881572612E-002
         567  -2.0690551326319237E-002   3.4458091886146796E-003   1.1852927385919424E-002
         568   4.7483354979208685E-002   7.7038731982825750E-004  -4.1254736564801796E-002
         569   3.5267798830914687E-003   1.9467956969298324E-002   4.4527032991785745E-002
         570   8.0776717269633504E-003   2.1201491217265608E-002   3.8205559932681391E-002
         571  -2.3070025064809919E-002   3.2495273157270195E-002   7.4528669673406701E-003
         572   4.4804193440926621E-002  -1.5895817772736971E-002  -4.1943172911331233E-002
         573  -3.8977283744363850E-002  -1.6265619564242224E-002  -3.7891757227520771E-002
         574  -3.2749577440397026E-002   2.9316335464058253E-002   3.7656614403009957E-002
         575   2.6563932181602648E-002   1.0942632080721325E-004   1.7154290777849374E-002
         576  -4.5368299564168294E-003  -1.3084690364282930E-002  -6.3310551230069990E-003
         577  -3.2682986332384513E-002   1.4307735883262259E-002  -6.0085889697473454E-003
         578   1.3678214342548822E-002   1.0434664263542573E-002  -1.6135414372570191E-002
         579  -2.7898963502019789E-002  -9.8991727173849686E-003   2.1728224416985228E-002
         580  -3.0303219308543933E-002   3.9271987224450230E-002  -3.1617809782730023E-002
         581  -2.1968662279743170E-003   1.8886457415767010E-002  -1.5939727315163704E-003
         582   1.1226461306788733E-003   2.9915379408993640E-002  -8.5055842223537310E-003
         583  -1.7396679158450810E-002  -8.8786874915682580E-003  -1.5667457098556225E-002
         584  -4.1415359870336142E-002  -1.7947983695620163E-002  -2.9971223138503783E-002
         585   2.0307642771875754E-003   1.1182064864618629E-002   1.5737377413381258E-003
         586  -4.4508276504084877E-002  -9.9872103980658822E-003  -9.7700135821613774E-003
         587  -1.1332128668866986E-002   1.2590349789640213E-002  -8.7548691600205283E-003
         588   1.3205694834031809E-002   5.7055868847639558E-002   1.4191541837118448E-002
         589  -1.9220358071508729E-002  -2.0647420069556402E-002   4.9497766270253221E-002
         590   7.1472042589461864E-003  -7.8963412686941844E-003   5.4738077475894278E-002
         591  -2.4278248307242144E-002  -4.9631235485889935E-003  -2.8831437330228922E-002
         592  -7.6440880936927613E-003  -6.8646005251732584E-003  -5.0065966142845114E-002
         593   3.4878836224279224E-002   1.8551946017203683E-002  -2.6154850071228700E-002
         594   2.2059568194962898E-002   1.0472103250941812E-002   1.5415730691125755E-002
         595   2.4001905333421159E-002   4.6673933826522816E-002  -1.3124530503147300E-002
         596   1.9908893609297106E-002  -3.2336484685588411E-002  -3.9736846008913057E-002
         597  -9.7654719212760411E-003  -1.0137094307841597E-002   2.4208410275484871E-002
         598  -6.2564042399714916E-003   2.0987781336726012E-002   1.8760182379376763E-002
         599  -2.0920412293155312E-002   1.2449944711740778E-002   1.9135741364074994E-002
         600   1.9611562589515123E-002  -1.3622558104514669E-002  -4.1140713100419501E-002
         601   5.5904371792017571E-002  -3.1583323830157245E-002  -2.0003432239990591E-002
         602  -1.4709102258049106E-002   4.9431425283341986E-003   2.0107829353879770E-002
         603   6.7303271112064628E-003  -7.1777899099234707E-005  -3.1996865658790244E-002
         604   1.1844897168184515E-002   3.2964676807803177E-002  -1.2372017738881358E-002
         605  -1.1365307695635872E-002  -2.0667475561182348E-002  -3.7057455654371553E-002
         606  -3.0872793340966983E-002  -1.6804879472257429E-002   2.3037840642012381E-002
         607  -1.6036581406151929E-002  -2.8235288857337957E-004  -3.7781931819302972E-003
         608  -8.3078610463466398E-003  -9.1332018796465974E-003   2.9716977842547610E-002
         609  -2.9187667895058431E-002   2.9649355875615421E-003  -2.5077259296327582E-002
         610   1.4059425061469129E-003   1.8399769254808712E-002  -9.0025686598830864E-003
         611   4.1670610854261061E-002  -3.1351765460339805E-002   2.6457276442209732E-002
         612  -8.5750193667811364E-003   2.6679298419583400E-002  -1.3035236029284136E-002
         613  -1.1578629298618168E-002   1.2544290375137147E-002   1.5010734153127212E-003
         614  -4.6413556253444089E-003  -5.9107941595484062E-003   3.8311520535858554E-002
         615   1.3236041942853367E-002  -2.7733193971216447E-002   6.2214144694532122E-003
         616   2.1885187763874187E-002   1.4645045824449103E-002  -1.8680745494353724E-003
         617  -2.6218027450883367E-002  -1.0851314127010981E-002   1.9890340662270505E-002
         618   1.5856387504508074E-002  -3.9950452881031141E-002   1.4944692367755525E-002
         619   3.5312631721941719E-002  -2.9009465626983619E-002  -6.1941035363805548E-003
         620   8.1095923920111376E-003  -1.6797860540090921E-002   7.7734104096045646E-004
         621   2.8300109791788958E-002   7.5219442652260920E-003  -7.2231078791124342E-003
         622   2.8137750852774604E-002  -5.2573931393542737E-003   7.7461019815474083E-002
         623   3.9360641178002274E-003   6.8879821756706577E-003  -3.3828305018463322E-003
         624  -1.3185096422741327E-002   1.4651129054837673E-002   5.8026042022023605E-002
         625   2.6178553120098324E-002  -2.7172723729612863E-002   8.5455044371979331E-005
         626   4.0475336194088794E-002   6.9545351105686284E-003   2.4127098746577525E-002
         627   4.3221170086993978E-002  -1.0783128916123548E-002   1.0939666306721160E-002
         628  -2.6894326702499034E-002  -1.0156907842488168E-002  -2.2950189231017897E-003
         629   5.5307301398357378E-003   1.4597410408839747E-002  -1.6891901681525517E-002
         630  -4.4847005250488944E-002  -1.4848841585515634E-002   2.2273026129174950E-002
         631  -2.4538037115462038E-002  -3.2711652714618601E-002  -6.3127476772237298E-003
         632   1.8760564813386976E-002  -6.7268783919008784E-003  -2.2448744326871366E-002
         633   2.0395083366232938E-002   9.2189027548431231E-004   1.7614033224058464E-002
         634  -3.6977350134861448E-002  -1.1724690385904167E-002   5.8048353941766620E-002
         635  -7.1509614208486918E-003  -3.0773999734596765E-002  -4.6404951892723978E-002
         636   1.9488613456006547E-002   5.0784499944714352E-002  -4.9575734796553049E-002
         637  -5.0457059863932997E-003   3.5594770303786522E-002  -3.5182022210377001E-002
         638   4.6650217161844476E-002  -2.2996510891355230E-002  -2.7042653121584249E-002
         639   2.0203126403314565E-003  -5.3550933014299062E-003   1.2600008767034734E-002
         640   5.5659777695574932E-002   2.3103570881523323E-002   6.3733384569218095E-003
         641   2.5600385947763031E-002  -9.2126163606361597E-003   2.3354685841176819E-002
         642   2.8682442839249020E-002   5.7717190105453231E-003   6.1516705468361160E-003
         643  -6.8002815466199568E-003   9.3185727746668817E-003   7.0015561253700537E-003
         644   3.2591169825878098E-002  -3.2988498732619782E-002   5.5357005562948159E-003
         645   3.5139896435064766E-002   5.1578207551948403E-003  -1.7691297901689770E-002
         646  -1.7598077911669788E-002  -1.7452251581147472E-002   1.7719349841837359E-002
         647   8.1315415184733016E-003  -1.5912926787508080E-002   1.6924092629519601E-002
         648   2.1495808934780862E-002   2.5036680352435108E-002  -9.8106808726107688E-003
         649   8.7757331738944760E-003   1.8275807008341898E-002   1.7438390445309971E-002
         650  -5.1082851245892761E-003   2.1370562407120493E-002   4.0489320268480289E-003
         651  -8.1824212195872933E-003  -1.0880194889581477E-002   4.0092975273556021E-003
         652   4.1557927615410613E-002  -1.5037948777912626E-002   2.3238969475339946E-002
         653  -1.7065832251983333E-002  -5.0531881588902683E-003   5.6761232781579046E-003
         654   1.8966930482413037E-002  -9.6295685459061361E-003   3.9281567127646452E-002
         655  -3.0919269891490703E-002  -1.0494640410394624E-002  -3.7214195858826959E-002
         656  -5.3852682659878926E-003  -2.8898065908461593E-003  -4.0783155848123859E-003
         657   5.0880722714126587E-004   9.6894950760972865E-004   1.7731634690040615E-002
         658  -3.9473726668571470E-002  -1.8027601365893819E-002  -1.8494907175545975E-002
         659  -1.4347599196198340E-002  -7.3915467931177665E-003   9.7029661084761139E-003
         660  -3.2067832578935793E-002  -7.4297271642075231E-003   1.1613817038059047E-002
         661  -1.2726372346313032E-002  -2.0097943979126211E-002  -2.3881952613884906E-002
         662  -3.6942017973914548E-003   5.9784395025036605E-003  -7.1848081969021517E-003
         663  -4.6988775540373499E-002   2.9286373667556924E-002   3.7199502007629962E-002
         664   1.4459659070336204E-002   3.7861001480931728E-003  -1.0349054381031801E-002
         665   4.8740572600721599E-004  -3.6199385692443128E-004  -6.1772833221983108E-004
         666   5.3911853319568097E-002  -8.5911465756737110E-003  -1.7481167691862315E-003
         667   5.9312312933439250E-003   2.7123510133403445E-002   9.1485741193857665E-003
         668   3.0376333792932433E-002  -2.8259388181780361E-002   1.3291707886163205E-002
         669  -4.3809622082051532E-002  -1.0311025805044213E-002   3.3087451576422150E-002
         670   1.8796000759039085E-002  -5.3661678963175452E-003  -4.8282281348654789E-002
         671  -2.6052181303661904E-003   1.0726353758413128E-002   1.0933379179503598E-002
         672  -2.4149294139330986E-002  -2.5108220945106490E-002  -4.9340098033946914E-002
         673   3.2195555386750840E-002   5.9748669925317700E-003   2.0708616621168800E-002
         674  -4.0393877619057300E-002   2.6339294217433643E-003  -3.4612837147257672E-002
         675   6.2398757607059693E-003  -1.9627974683699482E-002  -4.3515962196115039E-002
         676  -2.9943112159382699E-002   1.5860672119992886E-002   7.6620184827291982E-003
         677  -5.1049342592626855E-002   3.6412669293513313E-002   2.6006429353028809E-002
         678  -1.6194803396442287E-003  -4.1294686638275360E-002  -2.4692725584918637E-002
         679   1.7014356082069255E-002   2.9069607705714030E-002  -1.0524602074208954E-002
         680   1.4548365030268674E-002   8.0145055350026948E-004  -5.0695254571373020E-003
         681  -2.4360962371858915E-002  -3.8508375104228240E-003  -2.1568699844555062E-002
         682   2.1411857511810701E-002   9.8629422832269328E-003  -2.8757881645986031E-002
         683   1.3797261791312246E-003   7.7408876435022585E-003  -1.0757574236303986E-002
         684  -1.9575086273508360E-002  -2.0096558453330769E-002  -3.9391654649093465E-002
         685  -4.9254461952102598E-002  -2.0290298078113989E-002  -4.0488394292667066E-003
         686  -8.9704813501493234E-003   1.5909277321133716E-002   1.1321149904383727E-002
         687   5.2659646657011328E-003  -1.2609775971239889E-002  -2.9151796425194637E-002
         688  -2.0660013319319108E-003   9.1088027522944134E-003  -8.4054936032221424E-003
         689  -1.0910285474940759E-002  -2.2360480587605973E-002   1.0205646212591901E-002
         690  -4.4446062661615034E-005   1.2925908472997513E-002   1.4614121362115616E-002
         691   2.8038500476735388E-003   1.4861807522966810E-002   7.2615542848434453E-002
         692  -2.0690551349987919E-002   3.4458091898769676E-003   1.1852927427453131E-002
         693   4.7483354980213721E-002   7.7038730293763958E-004  -4.1254736566555865E-002
         694   3.5267799015704510E-003   1.9467956976901794E-002   4.4527032978798065E-002
         695   8.0776717310524857E-003   2.1201491201402422E-002   3.8205559937256321E-002
         696  -2.3070025064929139E-002   3.2495273172984458E-002   7.4528669352121732E-003
         697   4.4804193441009742E-002  -1.5895817772325568E-002  -4.1943172891527811E-002
         698  -3.8977283741964283E-002  -1.6265619583727652E-002  -3.7891757235155310E-002
         699  -3.2749577419991426E-002   2.9316335458682015E-002   3.7656614384988157E-002
         700   2.6563932216751195E-002   1.0942629395603863E-004   1.7154290775190241E-002
         701  -4.5368299499709015E-003  -1.3084690362432492E-002  -6.3310551359301408E-003
         702  -3.2682986349446261E-002   1.4307735886984778E-002  -6.0085889803352908E-003
         703   1.3678214330083004E-002   1.0434664245597958E-002  -1.6135414375442050E-002
         704  -2.7898963495637391E-002  -9.8991726964708232E-003   2.1728224397497727E-002
         705  -3.0303219317992021E-002   3.9271987228053910E-002  -3.1617809765726423E-002
         706  -2.1968662459595219E-003   1.8886457407572815E-002  -1.5939727534010927E-003
         707   1.1226461277892130E-003   2.9915379409162075E-002  -8.5055842135905654E-003
         708  -1.7396679154591550E-002  -8.8786874774487868E-003  -1.5667457113518957E-002
         709  -4.1415359870632003E-002  -1.7947983688514232E-002  -2.9971223150464743E-002
         710   2.0307642788746244E-003   1.1182064865625970E-002   1.5737377427336879E-003
         711  -4.4508276509355273E-002  -9.9872103982830435E-003  -9.7700135776975245E-003
         712  -1.1332128666072199E-002   1.2590349779804597E-002  -8.7548691504266384E-003
         713   1.3205694845486090E-002   5.7055868878941395E-002   1.4191541857900024E-002
         714  -1.9220358041474591E-002  -2.0647420090566932E-002   4.9497766268547683E-002
         715   7.1472042520132773E-003  -7.8963413167195424E-003   5.4738077492257696E-002
         716  -2.4278248306614396E-002  -4.9631235220636977E-003  -2.8831437308880464E-002
         717  -7.6440880983242900E-003  -6.8646005310766022E-003  -5.0065966136050771E-002
         718   3.4878836236575415E-002   1.8551945988226293E-002  -2.6154850070679879E-002
         719   2.2059568188654698E-002   1.0472103250896021E-002   1.5415730678144774E-002
         720   2.4001905323166126E-002   4.6673933865012229E-002  -1.3124530514411611E-002
         721   1.9908893617290369E-002  -3.2336484713913968E-002  -3.9736846007680182E-002
         722  -9.7654719244837391E-003  -1.0137094296287280E-002   2.4208410294906356E-002
         723  -6.2564042461381213E-003   2.0987781324307699E-002   1.8760182378030454E-002
         724  -2.0920412301767149E-002   1.2449944694850426E-002   1.9135741382608946E-002
         725   1.9611562616220990E-002  -1.3622558098450782E-002  -4.1140713121439382E-002
         726   5.5904371791451711E-002  -3.1583323834812424E-002  -2.0003432224369577E-002
         727  -1.4709102255230195E-002   4.9431425201506649E-003   2.0107829345451682E-002
         728   6.7303271142643154E-003  -7.1777907402415902E-005  -3.1996865660993905E-002
         729   1.1844897211745916E-002   3.2964676804356552E-002  -1.2372017743094163E-002
         730  -1.1365307707340393E-002  -2.0667475568490495E-002  -3.7057455646116629E-002
         731  -3.0872793343320565E-002  -1.6804879472121947E-002   2.3037840645260620E-002
         732  -1.6036581401280215E-002  -2.8235291171724319E-004  -3.7781931603558336E-003
         733  -8.3078610397257311E-003  -9.1332018783494770E-003   2.9716977827333815E-002
         734  -2.9187667900259503E-002   2.9649355632601652E-003  -2.5077259293405936E-002
         735   1.4059424879108381E-003   1.8399769255848165E-002  -9.0025686700950566E-003
         736   4.1670610854661790E-002  -3.1351765429896802E-002   2.6457276449975843E-002
         737  -8.5750193783810606E-003   2.6679298412328249E-002  -1.3035236050604549E-002
         738  -1.1578629318134893E-002   1.2544290387116826E-002   1.5010734378888228E-003
         739  -4.6413556213749886E-003  -5.9107941486676342E-003   3.8311520567425900E-002
         740   1.3236041961172541E-002  -2.7733193970978502E-002   6.2214144750345609E-003
         741   2.1885187748209536E-002   1.4645045814466075E-002  -1.8680745889561960E-003
         742  -2.6218027457688749E-002  -1.0851314144225790E-002   1.9890340660232854E-002
         743   1.5856387499144378E-002  -3.9950452852770629E-002   1.4944692371642209E-002
         744   3.5312631679670733E-002  -2.9009465617304615E-002  -6.1941035003352215E-003
         745   8.1095923928935498E-003  -1.6797860523118633E-002   7.7734104104952139E-004
         746   2.8300109765784776E-002   7.5219442918703014E-003  -7.2231078885094148E-003
         747   2.8137750846721009E-002  -5.2573931218639382E-003   7.7461019818473517E-002
         748   3.9360640882554875E-003   6.8879821732948810E-003  -3.3828305210328682E-003
         749  -1.3185096423399214E-002   1.4651129045732110E-002   5.8026042031298936E-002
         750   2.6178553103574340E-002  -2.7172723732294284E-002   8.5455064944762039E-005
         751   4.0475336173772608E-002   6.9545351044652216E-003   2.4127098735681939E-002
         752   4.3221170125845650E-002  -1.0783128912844260E-002   1.0939666332324634E-002
         753  -2.6894326699252159E-002  -1.0156907859257712E-002  -2.2950189414636109E-003
         754   5.5307301290047056E-003   1.4597410408832293E-002  -1.6891901695814466E-002
         755  -4.4847005267825715E-002  -1.4848841600783298E-002   2.2273026132838811E-002
         756  -2.4538037123792152E-002  -3.2711652720519707E-002  -6.3127476847276908E-003
         757   1.8760564793721565E-002  -6.7268783933401794E-003  -2.2448744283696576E-002
         758   2.0395083375226056E-002   9.2189028741932768E-004   1.7614033217685534E-002
         759  -3.6977350145671994E-002  -1.1724690356507360E-002   5.8048353923370176E-002
         760  -7.1509614402564814E-003  -3.0773999752997168E-002  -4.6404951896262911E-002
         761   1.9488613460427510E-002   5.0784499949860402E-002  -4.9575734805074621E-002
         762  -5.0457059838804885E-003   3.5594770295350041E-002  -3.5182022196130806E-002
         763   4.6650217178019329E-002  -2.2996510880192052E-002  -2.7042653124269223E-002
         764   2.0203126332646979E-003  -5.3550932947080895E-003   1.2600008798671822E-002
         765   5.5659777684216538E-002   2.3103570873536247E-002   6.3733384513919456E-003
         766   2.5600385963978997E-002  -9.2126163661920227E-003   2.3354685844157674E-002
         767   2.8682442845681368E-002   5.7717190088042540E-003   6.1516705732019153E-003
         768  -6.8002815495043683E-003   9.3185727716163600E-003   7.0015561195677783E-003
         769   3.2591169835082312E-002  -3.2988498727179821E-002   5.5357005695747001E-003
         770   3.5139896453768707E-002   5.1578207144104956E-003  -1.7691297874378713E-002
         771  -1.7598077944433774E-002  -1.7452251587285309E-002   1.7719349840344373E-002
         772   8.1315415051103571E-003  -1.5912926784857041E-002   1.6924092619555575E-002
         773   2.1495808951125128E-002   2.5036680353569131E-002  -9.8106808947949434E-003
         774   8.7757331838496464E-003   1.8275806988784005E-002   1.7438390436731298E-002
         775  -5.1082851230326810E-003   2.1370562425500582E-002   4.0489320381028888E-003
         776  -8.1824212321267853E-003  -1.0880194853976531E-002   4.0092974924711162E-003
         777   4.1557927637985305E-002  -1.5037948778554421E-002   2.3238969472369163E-002
         778  -1.7065832283904819E-002  -5.0531881586501470E-003   5.6761232895248251E-003
         779   1.8966930459736117E-002  -9.6295685402174522E-003   3.9281567148910797E-002
         780  -3.0919269899034728E-002  -1.0494640414465224E-002  -3.7214195839241099E-002
         781  -5.3852682828502635E-003  -2.8898065963945314E-003  -4.0783155935614872E-003
         782   5.0880723439322706E-004   9.6894954432666706E-004   1.7731634685215873E-002
         783  -3.9473726662021848E-002  -1.8027601349035548E-002  -1.8494907150396842E-002
         784  -1.4347599174970267E-002  -7.3915467673252638E-003   9.7029661262301413E-003
         785  -3.2067832596235267E-002  -7.4297271494480699E-003   1.1613817040376267E-002
         786  -1.2726372350033512E-002  -2.0097944017137107E-002  -2.3881952629555888E-002
         787  -3.6942017890972231E-003   5.9784395022808075E-003  -7.1848081978847572E-003
         788  -4.6988775523918738E-002   2.9286373642930345E-002   3.7199502023765291E-002
         789   1.4459659059273978E-002   3.7861001347104478E-003  -1.0349054369490726E-002
         790   4.8740568834446801E-004  -3.6199387886815470E-004  -6.1772834846912281E-004
         791   5.3911853308458484E-002  -8.5911465929155301E-003  -1.7481167645591678E-003
         792   5.9312312670462882E-003   2.7123510136782113E-002   9.1485741256063860E-003
         793   3.0376333809143244E-002  -2.8259388202804110E-002   1.3291707902474966E-002
         794  -4.3809622068781473E-002  -1.0311025797217339E-002   3.3087451555683718E-002
         795   1.8796000766155410E-002  -5.3661679012829110E-003  -4.8282281360687740E-002
         796  -2.6052181263115626E-003   1.0726353742461964E-002   1.0933379170925663E-002
         797  -2.4149294140634187E-002  -2.5108220927117876E-002  -4.9340098032240508E-002
         798   3.2195555391890195E-002   5.9748670117369760E-003   2.0708616618513098E-002
         799  -4.0393877655757617E-002   2.6339294393650926E-003  -3.4612837177030641E-002
         800   6.2398757460294567E-003  -1.9627974690065973E-002  -4.3515962238231433E-002
         801  -2.9943112148931993E-002   1.5860672085826234E-002   7.6620184988810524E-003
         802  -5.1049342606850540E-002   3.6412669270246813E-002   2.6006429336633767E-002
         803  -1.6194803517664146E-003  -4.1294686633765378E-002  -2.4692725574253210E-002
         804   1.7014356067648659E-002   2.9069607718940869E-002  -1.0524602048109304E-002
         805   1.4548365023309704E-002   8.0145057733114881E-004  -5.0695254230330184E-003
         806  -2.4360962367549959E-002  -3.8508375200849731E-003  -2.1568699836993947E-002
         807   2.1411857507468116E-002   9.8629423224116039E-003  -2.8757881671916140E-002
         808   1.3797261862188348E-003   7.7408876283813618E-003  -1.0757574249593584E-002
         809  -1.9575086242110851E-002  -2.0096558443128052E-002  -3.9391654623277268E-002
         810  -4.9254461973794544E-002  -2.0290298067428391E-002  -4.0488394248587934E-003
         811  -8.9704813654268700E-003   1.5909277345185421E-002   1.1321149894250909E-002
         812   5.2659646627073575E-003  -1.2609775963715566E-002  -2.9151796475878251E-002
         813  -2.0660013190517230E-003   9.1088027687142893E-003  -8.4054936023659228E-003
         814  -1.0910285464611673E-002  -2.2360480569547335E-002   1.0205646231279357E-002
         815  -4.4446055861052825E-005   1.2925908472301984E-002   1.4614121378118385E-002
         816   2.8038500327925704E-003   1.4861807514443463E-002   7.2615542874411562E-002
         817  -2.0690551345083553E-002   3.4458091936468305E-003   1.1852927410274990E-002
         818   4.7483354989495172E-002   7.7038732373204419E-004  -4.1254736605035022E-002
         819   3.5267799013250071E-003   1.9467956969360423E-002   4.4527032981669407E-002
         820   8.0776717380416658E-003   2.1201491213789541E-002   3.8205559937973588E-002
         821  -2.3070025060365509E-002   3.2495273160112283E-002   7.4528669716539672E-003
         822   4.4804193429098770E-002  -1.5895817752142896E-002  -4.1943172907017802E-002
         823  -3.8977283725402587E-002  -1.6265619571502250E-002  -3.7891757231619534E-002
         824  -3.2749577421452417E-002   2.9316335474811210E-002   3.7656614404039092E-002
         825   2.6563932203779353E-002   1.0942632245896317E-004   1.7154290794644759E-002
         826  -4.5368299463194707E-003  -1.3084690361682366E-002  -6.3310551097413596E-003
         827  -3.2682986352982640E-002   1.4307735869797191E-002  -6.0085889568608549E-003
         828   1.3678214357716085E-002   1.0434664274772342E-002  -1.6135414375286750E-002
         829  -2.7898963493112154E-002  -9.8991727498790039E-003   2.1728224409836714E-002
         830  -3.0303219314416860E-002   3.9271987219388363E-002  -3.1617809801975712E-002
         831  -2.1968662226181969E-003   1.8886457422228695E-002  -1.5939727451336810E-003
         832   1.1226461218477258E-003   2.9915379416612532E-002  -8.5055841995400581E-003
         833  -1.7396679156067150E-002  -8.8786874961814827E-003  -1.5667457118154551E-002
         834  -4.1415359851142419E-002  -1.7947983682940077E-002  -2.9971223122891775E-002
         835   2.0307642780347658E-003   1.1182064842457267E-002   1.5737377392365723E-003
         836  -4.4508276508047437E-002  -9.9872103850044153E-003  -9.7700135925129425E-003
         837  -1.1332128654725760E-002   1.2590349773367230E-002  -8.7548691696803134E-003
         838   1.3205694849271369E-002   5.7055868835050816E-002   1.4191541832142763E-002
         839  -1.9220358072237619E-002  -2.0647420074443673E-002   4.9497766271673557E-002
         840   7.1472042467998131E-003  -7.8963412792385640E-003   5.4738077507994039E-002
         841  -2.4278248271819302E-002  -4.9631235421200050E-003  -2.8831437338108026E-002
         842  -7.6440880981399426E-003  -6.8646005476501208E-003  -5.0065966134173245E-002
         843   3.4878836182222588E-002   1.8551946018761062E-002  -2.6154850080874367E-002
         844   2.2059568186621446E-002   1.0472103237486491E-002   1.5415730682009625E-002
         845   2.4001905320011375E-002   4.6673933851380231E-002  -1.3124530502927147E-002
         846   1.9908893610827962E-002  -3.2336484706617034E-002  -3.9736845997310984E-002
         847  -9.7654719186158565E-003  -1.0137094291450075E-002   2.4208410289464525E-002
         848  -6.2564042558271521E-003   2.0987781339747269E-002   1.8760182390396351E-002
         849  -2.0920412312704799E-002   1.2449944709137295E-002   1.9135741384196919E-002
         850   1.9611562618402526E-002  -1.3622558117357530E-002  -4.1140713118308088E-002
         851   5.5904371770223157E-002  -3.1583323827374214E-002  -2.0003432231097310E-002
         852  -1.4709102256940639E-002   4.9431425407372113E-003   2.0107829355137791E-002
         853   6.7303271070351433E-003  -7.1777908326693280E-005  -3.1996865650483805E-002
         854   1.1844897186476300E-002   3.2964676790030296E-002  -1.2372017736386754E-002
         855  -1.1365307713256310E-002  -2.0667475533100412E-002  -3.7057455636551967E-002
         856  -3.0872793340214165E-002  -1.6804879474133609E-002   2.3037840639017763E-002
         857  -1.6036581424883734E-002  -2.8235288536823823E-004  -3.7781931819956772E-003
         858  -8.3078610667897280E-003  -9.1332018939823279E-003   2.9716977839909200E-002
         859  -2.9187667890794775E-002   2.9649355781562825E-003  -2.5077259305370064E-002
         860   1.4059424866003799E-003   1.8399769256729450E-002  -9.0025686652749504E-003
         861   4.1670610852642655E-002  -3.1351765448005504E-002   2.6457276455036812E-002
         862  -8.5750193866537035E-003   2.6679298405173978E-002  -1.3035236044691154E-002
         863  -1.1578629296065556E-002   1.2544290360729753E-002   1.5010733946130377E-003
         864  -4.6413556177515025E-003  -5.9107941631170611E-003   3.8311520571406292E-002
         865   1.3236041946280901E-002  -2.7733193964023822E-002   6.2214144752574876E-003
         866   2.1885187756681020E-002   1.4645045804949599E-002  -1.8680745740771228E-003
         867  -2.6218027439920848E-002  -1.0851314112831953E-002   1.9890340671475795E-002
         868   1.5856387482029798E-002  -3.9950452853724318E-002   1.4944692374138644E-002
         869   3.5312631679367733E-002  -2.9009465637165756E-002  -6.1941035284861830E-003
         870   8.1095924105631621E-003  -1.6797860528723021E-002   7.7734101677818851E-004
         871   2.8300109765729688E-002   7.5219442555148168E-003  -7.2231078750200654E-003
         872   2.8137750845781202E-002  -5.2573931420347997E-003   7.7461019800883060E-002
         873   3.9360641150506942E-003   6.8879821630426202E-003  -3.3828305057035067E-003
         874  -1.3185096429387765E-002   1.4651129039720165E-002   5.8026042038336632E-002
         875   2.6178553118976464E-002  -2.7172723738887919E-002   8.5455040413263177E-005
         876   4.0475336193167386E-002   6.9545351012054810E-003   2.4127098750971000E-002
         877   4.3221170107714105E-002  -1.0783128924631909E-002   1.0939666323021386E-002
         878  -2.6894326720617260E-002  -1.0156907854232837E-002  -2.2950189463596276E-003
         879   5.5307301631418674E-003   1.4597410425578900E-002  -1.6891901684916541E-002
         880  -4.4847005254491812E-002  -1.4848841573709604E-002   2.2273026135292910E-002
         881  -2.4538037113476231E-002  -3.2711652716913918E-002  -6.3127476815650497E-003
         882   1.8760564775121977E-002  -6.7268783993239120E-003  -2.2448744329725101E-002
         883   2.0395083359097576E-002   9.2189029136114850E-004   1.7614033226416137E-002
         884  -3.6977350126361504E-002  -1.1724690367603818E-002   5.8048353941556337E-002
         885  -7.1509614420497908E-003  -3.0773999741926888E-002  -4.6404951897305646E-002
         886   1.9488613465889617E-002   5.0784499945393580E-002  -4.9575734800501252E-002
         887  -5.0457059613104168E-003   3.5594770307826262E-002  -3.5182022192476042E-002
         888   4.6650217160185525E-002  -2.2996510875394775E-002  -2.7042653107970157E-002
         889   2.0203126240396856E-003  -5.3550933068798028E-003   1.2600008763833270E-002
         890   5.5659777700728184E-002   2.3103570894763899E-002   6.3733384429126858E-003
         891   2.5600385952341841E-002  -9.2126163772627157E-003   2.3354685840825996E-002
         892   2.8682442823169906E-002   5.7717190200098269E-003   6.1516705272030821E-003
         893  -6.8002815545084791E-003   9.3185727875693524E-003   7.0015561053284872E-003
         894   3.2591169816228345E-002  -3.2988498713213979E-002   5.5357005606321676E-003
         895   3.5139896466469825E-002   5.1578207268218462E-003  -1.7691297899778378E-002
         896  -1.7598077922695011E-002  -1.7452251611502195E-002   1.7719349847596023E-002
         897   8.1315415234349629E-003  -1.5912926800621202E-002   1.6924092612737775E-002
         898   2.1495808938515597E-002   2.5036680376508431E-002  -9.8106808838952595E-003
         899   8.7757331893728672E-003   1.8275807003689450E-002   1.7438390449697791E-002
         900  -5.1082851296625443E-003   2.1370562420088921E-002   4.0489320074901447E-003
         901  -8.1824212132968182E-003  -1.0880194881514120E-002   4.0092974835205346E-003
         902   4.1557927606836596E-002  -1.5037948795102217E-002   2.3238969497750259E-002
         903  -1.7065832288206434E-002  -5.0531881633027039E-003   5.6761233005854289E-003
         904   1.8966930449816153E-002  -9.6295685378575413E-003   3.9281567114311314E-002
         905  -3.0919269881919269E-002  -1.0494640391599842E-002  -3.7214195871881024E-002
         906  -5.3852682780460813E-003  -2.8898065992893217E-003  -4.0783155982645923E-003
         907   5.0880724517083037E-004   9.6894951276689945E-004   1.7731634687537755E-002
         908  -3.9473726681802560E-002  -1.8027601331155815E-002  -1.8494907144235705E-002
         909  -1.4347599194696484E-002  -7.3915467970101659E-003   9.7029661207789029E-003
         910  -3.2067832584364422E-002  -7.4297271655848224E-003   1.1613817030061644E-002
         911  -1.2726372358823804E-002  -2.0097943979703065E-002  -2.3881952634654563E-002
         912  -3.6942017939429693E-003   5.9784395029945838E-003  -7.1848081899106809E-003
         913  -4.6988775577963812E-002   2.9286373636185411E-002   3.7199501981685458E-002
         914   1.4459659060047435E-002   3.7861001497104911E-003  -1.0349054391245255E-002
         915   4.8740572080103680E-004  -3.6199386210218485E-004  -6.1772835073506513E-004
         916   5.3911853327516315E-002  -8.5911465836545266E-003  -1.7481167832680256E-003
         917   5.9312312737883864E-003   2.7123510133836935E-002   9.1485741221763953E-003
         918   3.0376333765540487E-002  -2.8259388205071664E-002   1.3291707890107699E-002
         919  -4.3809622085161301E-002  -1.0311025767279885E-002   3.3087451555611588E-002
         920   1.8796000754660203E-002  -5.3661679156596269E-003  -4.8282281355324773E-002
         921  -2.6052181597762234E-003   1.0726353767793571E-002   1.0933379177863486E-002
         922  -2.4149294141593735E-002  -2.5108220938983364E-002  -4.9340098002300249E-002
         923   3.2195555403819152E-002   5.9748669767776133E-003   2.0708616615564109E-002
         924  -4.0393877650080019E-002   2.6339294698978460E-003  -3.4612837185079841E-002
         925   6.2398757570378653E-003  -1.9627974677947062E-002  -4.3515962187299612E-002
         926  -2.9943112141317420E-002   1.5860672126330296E-002   7.6620184810187878E-003
         927  -5.1049342588811240E-002   3.6412669293063735E-002   2.6006429348036694E-002
         928  -1.6194803315900332E-003  -4.1294686666242392E-002  -2.4692725582451329E-002
         929   1.7014356071788424E-002   2.9069607705646011E-002  -1.0524602035936763E-002
         930   1.4548365040659553E-002   8.0145055348729418E-004  -5.0695254420718193E-003
         931  -2.4360962371070046E-002  -3.8508375098519143E-003  -2.1568699831610534E-002
         932   2.1411857513801116E-002   9.8629423158075030E-003  -2.8757881646997014E-002
         933   1.3797261958906609E-003   7.7408876306486827E-003  -1.0757574255688259E-002
         934  -1.9575086255632836E-002  -2.0096558464300751E-002  -3.9391654615164126E-002
         935  -4.9254461965819084E-002  -2.0290298067189343E-002  -4.0488394247408998E-003
         936  -8.9704813686090207E-003   1.5909277304668686E-002   1.1321149909603607E-002
         937   5.2659646629042572E-003  -1.2609775975204658E-002  -2.9151796465184333E-002
         938  -2.0660013160431726E-003   9.1088027710624093E-003  -8.4054936016857203E-003
         939  -1.0910285471892524E-002  -2.2360480594150769E-002   1.0205646225692351E-002
         940  -4.4446059929036181E-005   1.2925908489994989E-002   1.4614121369278093E-002
         941   2.8038500353856498E-003   1.4861807521922106E-002   7.2615542852183260E-002
         942  -2.0690551351450391E-002   3.4458091965238751E-003   1.1852927410438292E-002
         943   4.7483354970431095E-002   7.7038732174645531E-004  -4.1254736570885422E-002
         944   3.5267798682551924E-003   1.9467956962775534E-002   4.4527032988649115E-002
         945   8.0776717267676736E-003   2.1201491231768024E-002   3.8205559927332308E-002
         946  -2.3070025061558606E-002   3.2495273161984757E-002   7.4528669663857672E-003
         947   4.4804193420250063E-002  -1.5895817800731467E-002  -4.1943172915179586E-002
         948  -3.8977283734104806E-002  -1.6265619591568092E-002  -3.7891757214473111E-002
         949  -3.2749577409952171E-002   2.9316335481781329E-002   3.7656614401726546E-002
         950   2.6563932212879428E-002   1.0942630598943699E-004   1.7154290775250703E-002
         951  -4.5368299554996161E-003  -1.3084690389620781E-002  -6.3310551326172795E-003
         952  -3.2682986336291249E-002   1.4307735859281016E-002  -6.0085889845568992E-003
         953   1.3678214344718526E-002   1.0434664289987331E-002  -1.6135414369171586E-002
         954  -2.7898963479407193E-002  -9.8991727425740521E-003   2.1728224429358130E-002
         955  -3.0303219338788000E-002   3.9271987242114600E-002  -3.1617809781370285E-002
         956  -2.1968662495057819E-003   1.8886457418286040E-002  -1.5939727359699180E-003
         957   1.1226461282422980E-003   2.9915379421364813E-002  -8.5055842056015116E-003
         958  -1.7396679151686384E-002  -8.8786874815794132E-003  -1.5667457094831690E-002
         959  -4.1415359861068916E-002  -1.7947983697133917E-002  -2.9971223132747495E-002
         960   2.0307642973672268E-003   1.1182064858638116E-002   1.5737377481976008E-003
         961  -4.4508276530269508E-002  -9.9872103865862854E-003  -9.7700135744838330E-003
         962  -1.1332128655361134E-002   1.2590349779398886E-002  -8.7548691320141793E-003
         963   1.3205694838746550E-002   5.7055868886064592E-002   1.4191541871675248E-002
         964  -1.9220358060525543E-002  -2.0647420106855802E-002   4.9497766273512614E-002
         965   7.1472042422047639E-003  -7.8963412920204593E-003   5.4738077475653769E-002
         966  -2.4278248297086438E-002  -4.9631235278234714E-003  -2.8831437332689641E-002
         967  -7.6440881186085937E-003  -6.8646005255048109E-003  -5.0065966114202838E-002
         968   3.4878836196023368E-002   1.8551946012501087E-002  -2.6154850085302078E-002
         969   2.2059568192211474E-002   1.0472103251679691E-002   1.5415730685803668E-002
         970   2.4001905312009967E-002   4.6673933867283746E-002  -1.3124530508087989E-002
         971   1.9908893611328124E-002  -3.2336484708967120E-002  -3.9736846009759616E-002
         972  -9.7654719190707791E-003  -1.0137094306850707E-002   2.4208410284366155E-002
         973  -6.2564042542292767E-003   2.0987781339245757E-002   1.8760182376642506E-002
         974  -2.0920412304738276E-002   1.2449944714153574E-002   1.9135741392148395E-002
         975   1.9611562589071582E-002  -1.3622558102394215E-002  -4.1140713107105820E-002
         976   5.5904371775918338E-002  -3.1583323814760013E-002  -2.0003432234683836E-002
         977  -1.4709102239996939E-002   4.9431425187189881E-003   2.0107829360842967E-002
         978   6.7303270944603600E-003  -7.1777916203752976E-005  -3.1996865661716417E-002
         979   1.1844897201325685E-002   3.2964676803116981E-002  -1.2372017746836486E-002
         980  -1.1365307682556161E-002  -2.0667475539713841E-002  -3.7057455668058230E-002
         981  -3.0872793329568420E-002  -1.6804879473859398E-002   2.3037840648213483E-002
         982  -1.6036581413826256E-002  -2.8235288957778631E-004  -3.7781931901189714E-003
         983  -8.3078610493685211E-003  -9.1332018954688853E-003   2.9716977843744365E-002
         984  -2.9187667889268486E-002   2.9649355679303054E-003  -2.5077259285630558E-002
         985   1.4059425039458582E-003   1.8399769245975077E-002  -9.0025686595294249E-003
         986   4.1670610827670831E-002  -3.1351765454656455E-002   2.6457276460280177E-002
         987  -8.5750193818524643E-003   2.6679298416967256E-002  -1.3035236033336457E-002
         988  -1.1578629275018199E-002   1.2544290359486711E-002   1.5010734251934160E-003
         989  -4.6413556126574593E-003  -5.9107941479835634E-003   3.8311520559870062E-002
         990   1.3236041938983131E-002  -2.7733193972867824E-002   6.2214144720128877E-003
         991   2.1885187774146810E-002   1.4645045802902039E-002  -1.8680746018377111E-003
         992  -2.6218027463428960E-002  -1.0851314117589529E-002   1.9890340661315679E-002
         993   1.5856387515926058E-002  -3.9950452862472619E-002   1.4944692377051511E-002
         994   3.5312631682272957E-002  -2.9009465626051223E-002  -6.1941035148994801E-003
         995   8.1095924091462261E-003  -1.6797860513441374E-002   7.7734102744132034E-004
         996   2.8300109730292150E-002   7.5219442839322076E-003  -7.2231078926040335E-003
         997   2.8137750866880067E-002  -5.2573931402764666E-003   7.7461019823065538E-002
         998   3.9360640701420323E-003   6.8879821741609851E-003  -3.3828305300502184E-003
         999  -1.3185096422847598E-002   1.4651129038356988E-002   5.8026042022686485E-002
        1000   2.6178553118706201E-002  -2.7172723738051408E-002   8.5455043034331687E-005

