  0.91770677605964013     
  0.92138202937203462     
  0.91693578898630224     
  0.91447894368902782     
  0.91954297767224491     
  0.91705436954944164     
  0.91808636137138822     
  0.91008403494779488     
  0.90956352112916650     
  0.90775100287137322     
  0.91359785840759289     
  0.91719801294893843     
  0.92542594789338184     
  0.91088222484759174     
  0.91546613041136882     
  0.91900841739370664     
  0.91412362314295026     
  0.91749654653940527     
  0.91375505024043380     
  0.91395174269782731     
  0.91459040059489782     
  0.91608045853208753     
  0.91519878777617125     
  0.91670630143780729     
  0.91632139278444813     
  0.91489598874468359     
  0.90784990358806683     
  0.90824935211130653     
  0.91635445621650435     
  0.91818048540008024     
  0.90725356875045693     
  0.90733815976127519     
  0.91708477034844693     
  0.91610340668412393     
  0.91369369496751462     
  0.91747453147254421     
  0.92445145128513107     
  0.90813773196568948     
  0.91065998587000652     
  0.92008991398179207     
  0.92818553283213989     
  0.91388082584890074     
  0.91587785834635727     
  0.91602531063690551     
  0.91515887011191810     
  0.90608785972144690     
  0.91752481265430108     
  0.91427824839265670     
  0.90789386044561982     
  0.90960027102337337     
  0.91211445754597664     
  0.91623020252736753     
  0.90600489127100448     
  0.91437309045650184     
  0.92426688253035538     
  0.92091154290974375     
  0.91294311290985208     
  0.91331742993716036     
  0.91777022243913964     
  0.91304505996449736     
  0.91889163043597366     
  0.91590165000379786     
  0.91876870488194984     
  0.91835521284374411     
  0.91264899022135071     
  0.90816302697421636     
  0.90584223319310697     
  0.91630373714579039     
  0.91738647023012165     
  0.91620763890969104     
  0.90854113102104750     
  0.91581915192946328     
  0.92068389481428314     
  0.91253125485527564     
  0.91120540010742845     
  0.90552194035844880     
  0.92451079064485386     
  0.92592906431891608     
  0.89853180915670239     
  0.91659093370108169     
  0.91381689047047987     
  0.91370517033137733     
  0.91687301867787030     
  0.92297532772718116     
  0.91886322173959345     
  0.91708815013262213     
  0.91635407497087729     
  0.91180068854228014     
  0.91411436853959460     
  0.90869582689483652     
  0.91334506234707080     
  0.90911089731744144     
  0.90935708434917617     
  0.91823402039553914     
  0.90758344133282665     
  0.90742026393709241     
  0.91371877818019132     
  0.92589321634877708     
  0.91238474306956052     
  0.91353868189471543     
  0.91660075450490697     
  0.92282264227505950     
  0.92277128722926138     
  0.92137732119263094     
  0.91012032656581143     
  0.91232517503376587     
  0.90846007589279909     
  0.91625454865279610     
  0.90984105197130705     
  0.91739956935489320     
  0.91178474284461120     
  0.91089312017211344     
  0.91595627400456581     
  0.90227168377386990     
  0.90776685403616286     
  0.91846891452441926     
  0.92364770888016212     
  0.91562991040191266     
  0.91096722692818732     
  0.91320667229083485     
  0.90928889256829282     
  0.91017342278282742     
  0.92330366389287521     
  0.90622558793111241     
  0.90958476589585191     
  0.91770677655986221     
  0.92138202903734057     
  0.91693578933918618     
  0.91447894383090900     
  0.91954297782504002     
  0.91705436996780920     
  0.91808636137866417     
  0.91008403463129073     
  0.90956352112189054     
  0.90775100306054812     
  0.91359785852400821     
  0.91719801304716386     
  0.92542594789338184     
  0.91088222471298652     
  0.91546613046230052     
  0.91900841754104479     
  0.91412362281553217     
  0.91749654663581170     
  0.91375505061878359     
  0.91395174259960188     
  0.91459040039480899     
  0.91608045800094262     
  0.91519878757244444     
  0.91670630123771846     
  0.91632139287175962     
  0.91489598916668913     
  0.90784990363172258     
  0.90824935188938982     
  0.91635445623105627     
  0.91818048511995587     
  0.90725356848124650     
  0.90733815984858668     
  0.91708477022475565     
  0.91610340673141766     
  0.91369369481471951     
  0.91747453145799229     
  0.92445145093224712     
  0.90813773182744628     
  0.91065998568810758     
  0.92008991432012410     
  0.92818553260294723     
  0.91388082599441989     
  0.91587785823357992     
  0.91602531021126199     
  0.91515887004643448     
  0.90608785961230753     
  0.91752481273433661     
  0.91427824832717308     
  0.90789386014730555     
  0.90960027112887476     
  0.91211445752414877     
  0.91623020284750967     
  0.90600489112184734     
  0.91437309048196769     
  0.92426688262130485     
  0.92091154297886535     
  0.91294311313176879     
  0.91331742978800323     
  0.91777022254100304     
  0.91304505980806427     
  0.91889163046871547     
  0.91590165013112712     
  0.91876870484557005     
  0.91835521327302561     
  0.91264899009765943     
  0.90816302712337349     
  0.90584223310579548     
  0.91630373705484092     
  0.91738647071397283     
  0.91620763874598199     
  0.90854113111563495     
  0.91581915181304796     
  0.92068389496707825     
  0.91253125485527564     
  0.91120540002011696     
  0.90552194036572475     
  0.92451079063575892     
  0.92592906437712375     
  0.89853180886930206     
  0.91659093394118829     
  0.91381689012487188     
  0.91370517004761498     
  0.91687301891797690     
  0.92297532784723446     
  0.91886322169229973     
  0.91708814965240892     
  0.91635407529829538     
  0.91180068882240450     
  0.91411436887428865     
  0.90869582733503196     
  0.91334506286366379     
  0.90911089743749474     
  0.90935708434190021     
  0.91823402024274403     
  0.90758344144924197     
  0.90742026383522900     
  0.91371877807468993     
  0.92589321639607081     
  0.91238474310230233     
  0.91353868143996808     
  0.91660075427935228     
  0.92282264191671859     
  0.92277128706555234     
  0.92137732114169923     
  0.91012032652215569     
  0.91232517507014566     
  0.90846007594373079     
  0.91625454885288493     
  0.90984105161296613     
  0.91739956956589597     
  0.91178474280459343     
  0.91089311998293854     
  0.91595627394999612     
  0.90227168388300927     
  0.90776685433811510     
  0.91846891410968967     
  0.92364770906569904     
  0.91562991075115863     
  0.91096722689908349     
  0.91320667242544007     
  0.90928889273927782     
  0.91017342240083965     
  0.92330366395108288     
  0.90622558843679146     
  0.90958476584492021     
  0.91770677638705822     
  0.92138202908827227     
  0.91693578912090745     
  0.91447894376542538     
  0.91954297754127767     
  0.91705436984775590     
  0.91808636151326939     
  0.91008403505693425     
  0.90956352139110097     
  0.90775100306054812     
  0.91359785865133747     
  0.91719801303261195     
  0.92542594783881216     
  0.91088222498219695     
  0.91546613052778414     
  0.91900841726455840     
  0.91412362291739557     
  0.91749654656669011     
  0.91375505015676028     
  0.91395174269782731     
  0.91459040060944974     
  0.91608045807370220     
  0.91519878770341168     
  0.91670630140142750     
  0.91632139268986068     
  0.91489598920670689     
  0.90784990367537832     
  0.90824935195487344     
  0.91635445609281307     
  0.91818048527638896     
  0.90725356868497331     
  0.90733815960484210     
  0.91708477031934310     
  0.91610340680235824     
  0.91369369501844633     
  0.91747453146526825     
  0.92445145115052585     
  0.90813773203844905     
  0.91065998588819641     
  0.92008991388720462     
  0.92818553271936255     
  0.91388082599078191     
  0.91587785809169875     
  0.91602531042590274     
  0.91515887017012576     
  0.90608785950316817     
  0.91752481273433661     
  0.91427824824895654     
  0.90789386026372088     
  0.90960027101973540     
  0.91211445744047526     
  0.91623020279293999     
  0.90600489110729543     
  0.91437309056200322     
  0.92426688266132262     
  0.92091154296067546     
  0.91294311303718134     
  0.91331742973343355     
  0.91777022279566156     
  0.91304506016458620     
  0.91889163073064994     
  0.91590165001834978     
  0.91876870486375994     
  0.91835521282555421     
  0.91264899007946954     
  0.90816302697421636     
  0.90584223294572441     
  0.91630373765874540     
  0.91738647081947422     
  0.91620763895698476     
  0.90854113140667325     
  0.91581915192946328     
  0.92068389485430091     
  0.91253125504808852     
  0.91120539990006366     
  0.90552194035481082     
  0.92451079070306152     
  0.92592906428253630     
  0.89853180909849473     
  0.91659093389389457     
  0.91381689010304401     
  0.91370516998758833     
  0.91687301872880200     
  0.92297532753436828     
  0.91886322157224642     
  0.91708814990706744     
  0.91635407477442643     
  0.91180068865869546     
  0.91411436903435972     
  0.90869582693849227     
  0.91334506255079762     
  0.90911089735018324     
  0.90935708398901627     
  0.91823402055379122     
  0.90758344083442355     
  0.90742026358784644     
  0.91371877793280876     
  0.92589321665436730     
  0.91238474293859329     
  0.91353868160003915     
  0.91660075500331006     
  0.92282264204222886     
  0.92277128695277499     
  0.92137732107803461     
  0.91012032684957378     
  0.91232517510652544     
  0.90846007603831824     
  0.91625454893292047     
  0.90984105188035758     
  0.91739956933670330     
  0.91178474260814257     
  0.91089312031399461     
  0.91595627385904665     
  0.90227168378114586     
  0.90776685409073254     
  0.91846891410241371     
  0.92364770901294835     
  0.91562991065657118     
  0.91096722690272147     
  0.91320667234176656     
  0.90928889263013846     
  0.91017342263730827     
  0.92330366407113618     
  0.90622558825125454     
  0.90958476592495574     
  0.91770677646163679     
  0.92138202924834334     
  0.91693578873528170     
  0.91447894413286124     
  0.91954297799238705     
  0.91705437036071091     
  0.91808636136775024     
  0.91008403487139733     
  0.90956352116918426     
  0.90775100293685684     
  0.91359785867680332     
  0.91719801291619663     
  0.92542594772967279     
  0.91088222491671333     
  0.91546613050959424     
  0.91900841738824968     
  0.91412362291375759     
  0.91749654647028367     
  0.91375505032046933     
  0.91395174260687784     
  0.91459040043846473     
  0.91608045826651507     
  0.91519878770341168     
  0.91670630107037143     
  0.91632139257708334     
  0.91489598919579296     
  0.90784990342799576     
  0.90824935187847589     
  0.91635445630381585     
  0.91818048530367380     
  0.90725356844850469     
  0.90733815975763721     
  0.91708477018837586     
  0.91610340660408840     
  0.91369369495296271     
  0.91747453129792123     
  0.92445145105230042     
  0.90813773187474001     
  0.91065998579724694     
  0.92008991402544782     
  0.92818553260294723     
  0.91388082572520946     
  0.91587785832816737     
  0.91602531026219369     
  0.91515886999550278     
  0.90608785958320370     
  0.91752481251969586     
  0.91427824828715532     
  0.90789386044198184     
  0.90960027093969986     
  0.91211445738590557     
  0.91623020262195498     
  0.90600489139469575     
  0.91437309051470950     
  0.92426688287232539     
  0.92091154278605247     
  0.91294311305900921     
  0.91331743006448962     
  0.91777022216629123     
  0.91304506013548237     
  0.91889163049418132     
  0.91590164990193446     
  0.91876870487831186     
  0.91835521288739985     
  0.91264898997760613     
  0.90816302686507699     
  0.90584223280384324     
  0.91630373758962380     
  0.91738647052479794     
  0.91620763897699364     
  0.90854113100285760     
  0.91581915169299466     
  0.92068389488340474     
  0.91253125504445054     
  0.91120540019110197     
  0.90552194048577805     
  0.92451079056663732     
  0.92592906448626311     
  0.89853180917125430     
  0.91659093347552700     
  0.91381689036134051     
  0.91370516999850226     
  0.91687301901802132     
  0.92297532749798850     
  0.91886322171776558     
  0.91708815024539947     
  0.91635407471621877     
  0.91180068884059440     
  0.91411436883790886     
  0.90869582696032014     
  0.91334506284911188     
  0.90911089714281845     
  0.90935708451288522     
  0.91823402065565463     
  0.90758344083806153     
  0.90742026380976315     
  0.91371877775818577     
  0.92589321653795198     
  0.91238474336787478     
  0.91353868161822904     
  0.91660075506879368     
  0.92282264223686072     
  0.92277128728746904     
  0.92137732103437886     
  0.91012032682774591     
  0.91232517485186693     
  0.90846007597283462     
  0.91625454880559121     
  0.90984105180214103     
  0.91739956911478659     
  0.91178474301195822     
  0.91089311999385247     
  0.91595627360802612     
  0.90227168393757895     
  0.90776685420714787     
  0.91846891394598063     
  0.92364770896019766     
  0.91562991060200150     
  0.91096722680085807     
  0.91320667257459720     
  0.90928889254646494     
  0.91017342271370583     
  0.92330366405476527     
  0.90622558835675593     
  0.90958476623782192     
  0.91770677618696939     
  0.92138202910646216     
  0.91693578878621340     
  0.91447894395460028     
  0.91954297761221826     
  0.91705437000055101     
  0.91808636175701397     
  0.91008403493688095     
  0.90956352108914873     
  0.90775100315149759     
  0.91359785842214480     
  0.91719801291619663     
  0.92542594823171387     
  0.91088222463658897     
  0.91546613069876914     
  0.91900841754286378     
  0.91412362284099802     
  0.91749654654486223     
  0.91375505005853486     
  0.91395174264143864     
  0.91459040069312325     
  0.91608045811008199     
  0.91519878741601135     
  0.91670630148873899     
  0.91632139279900005     
  0.91489598952321105     
  0.90784990375541386     
  0.90824935212585844     
  0.91635445622014233     
  0.91818048538007135     
  0.90725356883413044     
  0.90733815966304976     
  0.91708477055581172     
  0.91610340680417723     
  0.91369369478197771     
  0.91747453144344038     
  0.92445145105957638     
  0.90813773199115533     
  0.91065998596095599     
  0.92008991388356665     
  0.92818553264660297     
  0.91388082570701956     
  0.91587785845185865     
  0.91602531042226476     
  0.91515887008281427     
  0.90608785943040859     
  0.91752481269795683     
  0.91427824835627691     
  0.90789386062751876     
  0.90960027096880369     
  0.91211445736043972     
  0.91623020267288668     
  0.90600489120188288     
  0.91437309054745131     
  0.92426688265404666     
  0.92091154290610577     
  0.91294311306992315     
  0.91331742972979557     
  0.91777022274109188     
  0.91304505985172002     
  0.91889163052874212     
  0.91590165014931701     
  0.91876870514752229     
  0.91835521282191623     
  0.91264898985391485     
  0.90816302694511253     
  0.90584223291662058     
  0.91630373723673986     
  0.91738647065212720     
  0.91620763882237954     
  0.90854113127570602     
  0.91581915171482253     
  0.92068389501800996     
  0.91253125494986309     
  0.91120539991461558     
  0.90552194023111954     
  0.92451079058664620     
  0.92592906439531364     
  0.89853180901118324     
  0.91659093366833988     
  0.91381689039408232     
  0.91370517009854668     
  0.91687301876518179     
  0.92297532740340105     
  0.91886322188511260     
  0.91708815041638447     
  0.91635407468711494     
  0.91180068887333621     
  0.91411436889611652     
  0.90869582697123408     
  0.91334506280909411     
  0.90911089737564910     
  0.90935708429460649     
  0.91823402079753580     
  0.90758344158384718     
  0.90742026384978092     
  0.91371877795099865     
  0.92589321660707358     
  0.91238474280762605     
  0.91353868168735064     
  0.91660075447580314     
  0.92282264214227328     
  0.92277128702553457     
  0.92137732120900184     
  0.91012032641665430     
  0.91232517483731501     
  0.90846007596919665     
  0.91625454860186439     
  0.90984105178213215     
  0.91739956942401479     
  0.91178474266271226     
  0.91089312005933609     
  0.91595627374990729     
  0.90227168405399427     
  0.90776685397431722     
  0.91846891445893564     
  0.92364770905660409     
  0.91562991050741405     
  0.91096722688816956     
  0.91320667238178432     
  0.90928889241185973     
  0.91017342251725497     
  0.92330366426031107     
  0.90622558818213295     
  0.90958476604864702     
  0.91770677662534583     
  0.92138202908099631     
  0.91693578882623117     
  0.91447894376542538     
  0.91954297772681459     
  0.91705436982956601     
  0.91808636135683630     
  0.91008403464948062     
  0.90956352117646022     
  0.90775100316241153     
  0.91359785835302321     
  0.91719801279978130     
  0.92542594796977939     
  0.91088222477483216     
  0.91546613061145765     
  0.91900841749738904     
  0.91412362281553217     
  0.91749654645391276     
  0.91375505038959093     
  0.91395174272693114     
  0.91459040057306995     
  0.91608045831017082     
  0.91519878752151274     
  0.91670630127773622     
  0.91632139281718994     
  0.91489598918851700     
  0.90784990388638109     
  0.90824935214041036     
  0.91635445612555488     
  0.91818048513086981     
  0.90725356828843362     
  0.90733815978310306     
  0.91708477058127758     
  0.91610340673141766     
  0.91369369486928920     
  0.91747453150528602     
  0.92445145092497116     
  0.90813773204208703     
  0.91065998561171002     
  0.92008991416732899     
  0.92818553262477510     
  0.91388082608900734     
  0.91587785820447609     
  0.91602531053140412     
  0.91515886986817352     
  0.90608785952135806     
  0.91752481279982023     
  0.91427824846177830     
  0.90789386047108567     
  0.90960027122346221     
  0.91211445722583451     
  0.91623020250553966     
  0.90600489089629266     
  0.91437309075117812     
  0.92426688275591007     
  0.92091154305526290     
  0.91294311316451060     
  0.91331742973343355     
  0.91777022277747167     
  0.91304505965890714     
  0.91889163059604473     
  0.91590164997833201     
  0.91876870482374218     
  0.91835521283646815     
  0.91264898975932740     
  0.90816302691964668     
  0.90584223309124356     
  0.91630373729858550     
  0.91738647061574741     
  0.91620763897881263     
  0.90854113109380708     
  0.91581915173665041     
  0.92068389493069847     
  0.91253125480798192     
  0.91120540011106643     
  0.90552194056945157     
  0.92451079082311483     
  0.92592906432255406     
  0.89853180847640035     
  0.91659093360649424     
  0.91381689022309731     
  0.91370516992392370     
  0.91687301887432116     
  0.92297532778902680     
  0.91886322179780111     
  0.91708815012170819     
  0.91635407469439090     
  0.91180068882604248     
  0.91411436863418205     
  0.90869582688756056     
  0.91334506261991921     
  0.90911089754663410     
  0.90935708434190021     
  0.91823402041191005     
  0.90758344135829250     
  0.90742026376610740     
  0.91371877806741397     
  0.92589321642153666     
  0.91238474288766158     
  0.91353868157457330     
  0.91660075453401080     
  0.92282264223504173     
  0.92277128696005095     
  0.92137732126720950     
  0.91012032642029228     
  0.91232517546668535     
  0.90846007596192069     
  0.91625454880922919     
  0.90984105174575236     
  0.91739956947130852     
  0.91178474264452236     
  0.91089311996111066     
  0.91595627380811495     
  0.90227168398851065     
  0.90776685402888690     
  0.91846891383320328     
  0.92364770899293946     
  0.91562991014361617     
  0.91096722697911903     
  0.91320667228355890     
  0.90928889269198410     
  0.91017342248087518     
  0.92330366409114506     
  0.90622558818940890     
  0.90958476619780415     
  0.91770677635795439     
  0.92138202925561929     
  0.91693578865160819     
  0.91447894373995953     
  0.91954297781048810     
  0.91705437035707293     
  0.91808636152418333     
  0.91008403499145063     
  0.90956352123102990     
  0.90775100291139099     
  0.91359785836393714     
  0.91719801285071301     
  0.92542594778424248     
  0.91088222509861227     
  0.91546613070968308     
  0.91900841753558782     
  0.91412362300470706     
  0.91749654658488000     
  0.91375505017131220     
  0.91395174262870571     
  0.91459040067675235     
  0.91608045834291263     
  0.91519878786348274     
  0.91670630130320208     
  0.91632139275170632     
  0.91489598926491456     
  0.90784990374086194     
  0.90824935202399504     
  0.91635445609281307     
  0.91818048514542172     
  0.90725356852490224     
  0.90733815987405253     
  0.91708477030842916     
  0.91610340677689239     
  0.91369369486928920     
  0.91747453135249091     
  0.92445145116507776     
  0.90813773196568948     
  0.91065998585181662     
  0.92008991417824293     
  0.92818553282850191     
  0.91388082607081744     
  0.91587785827359769     
  0.91602531051321423     
  0.91515887004643448     
  0.90608785996519148     
  0.91752481282164811     
  0.91427824832353510     
  0.90789386022370311     
  0.90960027104520125     
  0.91211445748776898     
  0.91623020265833477     
  0.90600489121279681     
  0.91437309056200322     
  0.92426688281775571     
  0.92091154297886535     
  0.91294311296805974     
  0.91331742993352238     
  0.91777022259193475     
  0.91304506037195099     
  0.91889163060332069     
  0.91590164998560797     
  0.91876870489650175     
  0.91835521280008836     
  0.91264899002489985     
  0.90816302692692263     
  0.90584223301484601     
  0.91630373730949943     
  0.91738647054298783     
  0.91620763913888370     
  0.90854113092282207     
  0.91581915174028838     
  0.92068389471969569     
  0.91253125505536448     
  0.91120539967087100     
  0.90552194056945157     
  0.92451079029560790     
  0.92592906430072619     
  0.89853180889476791     
  0.91659093390117052     
  0.91381689023764923     
  0.91370516994211359     
  0.91687301876881977     
  0.92297532761440382     
  0.91886322181599100     
  0.91708815019082979     
  0.91635407495632537     
  0.91180068912799472     
  0.91411436889975450     
  0.90869582664745396     
  0.91334506296552720     
  0.90911089733199335     
  0.90935708437828000     
  0.91823402054105829     
  0.90758344113637579     
  0.90742026395164432     
  0.91371877805650004     
  0.92589321702907912     
  0.91238474282945392     
  0.91353868156729734     
  0.91660075503605187     
  0.92282264221139487     
  0.92277128704736244     
  0.92137732112350934     
  0.91012032646758600     
  0.91232517498647214     
  0.90846007568179632     
  0.91625454886743685     
  0.90984105172028651     
  0.91739956944948065     
  0.91178474263724640     
  0.91089312017575141     
  0.91595627386996059     
  0.90227168394121693     
  0.90776685396704127     
  0.91846891390596286     
  0.92364770898930149     
  0.91562991030368723     
  0.91096722735383084     
  0.91320667257823518     
  0.90928889273200186     
  0.91017342255363476     
  0.92330366404567032     
  0.90622558838585976     
  0.90958476573214286     
  0.91770677653621535     
  0.92138202940113845     
  0.91693578886988691     
  0.91447894374723548     
  0.91954297762495119     
  0.91705436965858100     
  0.91808636144778577     
  0.91008403482774158     
  0.90956352103094107     
  0.90775100302416833     
  0.91359785843669672     
  0.91719801316357918     
  0.92542594788974386     
  0.91088222487305759     
  0.91546613072423499     
  0.91900841767928798     
  0.91412362287737781     
  0.91749654633567845     
  0.91375505046962646     
  0.91395174258141199     
  0.91459040064946751     
  0.91608045808097815     
  0.91519878776889529     
  0.91670630108492335     
  0.91632139235880461     
  0.91489598924672466     
  0.90784990375905184     
  0.90824935238779292     
  0.91635445607826116     
  0.91818048507811911     
  0.90725356840121096     
  0.90733815956482433     
  0.91708477021020374     
  0.91610340668412393     
  0.91369369525491495     
  0.91747453138523272     
  0.92445145106321436     
  0.90813773178379054     
  0.91065998573540130     
  0.92008991414186314     
  0.92818553259203329     
  0.91388082604171361     
  0.91587785856099801     
  0.91602531066600934     
  0.91515887005007246     
  0.90608785982331030     
  0.91752481281437215     
  0.91427824832717308     
  0.90789386031829056     
  0.90960027124892806     
  0.91211445728040419     
  0.91623020292754520     
  0.90600489138014384     
  0.91437309041102710     
  0.92426688284685954     
  0.92091154282970822     
  0.91294311310630294     
  0.91331742968613983     
  0.91777022249007134     
  0.91304506052838408     
  0.91889163075793479     
  0.91590164954905051     
  0.91876870478008643     
  0.91835521303291900     
  0.91264898982117304     
  0.90816302685416306     
  0.90584223313489931     
  0.91630373760417572     
  0.91738647059755751     
  0.91620763900245950     
  0.90854113087916633     
  0.91581915180940998     
  0.92068389463238420     
  0.91253125485527564     
  0.91120540020929186     
  0.90552194034753486     
  0.92451079065576780     
  0.92592906468635194     
  0.89853180889476791     
  0.91659093355556254     
  0.91381689038680636     
  0.91370517005670993     
  0.91687301889978701     
  0.92297532763623169     
  0.91886322189966452     
  0.91708815027814128     
  0.91635407518551804     
  0.91180068897156163     
  0.91411436886701269     
  0.90869582710583929     
  0.91334506286730177     
  0.90911089725195782     
  0.90935708413453542     
  0.91823402044828983     
  0.90758344120549739     
  0.90742026382795304     
  0.91371877782003141     
  0.92589321643245059     
  0.91238474308775042     
  0.91353868161822904     
  0.91660075498148219     
  0.92282264190944263     
  0.92277128723289936     
  0.92137732121082083     
  0.91012032682774591     
  0.91232517504831778     
  0.90846007611107782     
  0.91625454884560897     
  0.90984105180759800     
  0.91739956944948065     
  0.91178474279731747     
  0.91089311978284970     
  0.91595627403003166     
  0.90227168392666501     
  0.90776685390155765     
  0.91846891385866913     
  0.92364770902204330     
  0.91562991062382937     
  0.91096722701549881     
  0.91320667243817299     
  0.90928889223359877     
  0.91017342242266752     
  0.92330366399473862     
  0.90622558843315348     
  0.90958476590312787     
