           1
          29
          24
          23
          22
          21
          20
          19
          18
          17
          14
          11
           9
          40
          37
          36
          32
          31
          30
          28
          27
          26
          25
          52
          51
          50
          48
          47
          46
          45
          60
          57
          44
          43
          42
          41
          13
          12
          10
           6
           3
           2
          38
          35
          34
          33
           5
           4
          56
          55
          54
          53
          49
          16
          15
           7
          59
          58
          39
           8
