           1 -0.18215426014866237     
           2 -0.18350124173604807     
           3 -0.17903104558938102     
           4 -0.18491796286880771     
           5 -0.17951680697689582     
           6 -0.18356904356282150     
           7 -0.18086782102548002     
           8 -0.17795265462604878     
           9 -0.18189187623004585     
          10 -0.17446388675017235     
          11 -0.17731565082526546     
          12 -0.17277770242983262     
          13 -0.17726356707101237     
          14 -0.17135915142294650     
          15 -0.18296704158109303     
          16 -0.18471548181451705     
          17 -0.18199108725406962     
          18 -0.18240036366242313     
          19 -0.17113151007834304     
          20 -0.17139409635428721     
          21 -0.18023520708091206     
          22 -0.19505414485197173     
          23 -0.18705777332653181     
          24 -0.17697565873975596     
          25 -0.17448949273771616     
          26 -0.18696884386203971     
          27 -0.18724765221964723     
          28 -0.17949178940324162     
          29 -0.18708430922425290     
          30 -0.18018495983815913     
          31 -0.17056924602244403     
          32 -0.17461827438624894     
          33 -0.17426075821862574     
          34 -0.18324943780137079     
          35 -0.17692228190641529     
          36 -0.18843375355246816     
          37 -0.18288071676057324     
          38 -0.18288746722136470     
          39 -0.18207851824778307     
          40 -0.17580685350102426     
          41 -0.19340187791870300     
          42 -0.18151201641394066     
          43 -0.17595696848635856     
          44 -0.17568078855911573     
          45 -0.19104846575068379     
          46 -0.17555080961707614     
          47 -0.18541175174551414     
          48 -0.17991069979243571     
          49 -0.18320346000881629     
          50 -0.18259699811375915     
          51 -0.18619472048529850     
          52 -0.17897483352887700     
          53 -0.18109363323473798     
          54 -0.17999713293555120     
          55 -0.17487199964570857     
          56 -0.18298232506057269     
          57 -0.17445522145473022     
          58 -0.17800487885266456     
          59 -0.17591050454959950     
          60 -0.16464412098821909     
          61 -0.18164023340268534     
          62 -0.17326562237369125     
          63 -0.18055309488029192     
          64 -0.18107121170914361     
          65 -0.18236278005876055     
          66 -0.18063201156020620     
          67 -0.17599651642148256     
          68 -0.17310334050810497     
          69 -0.17746000519681240     
          70 -0.18397695524298296     
          71 -0.18353870936189468     
          72 -0.18739213317240441     
          73 -0.18041473645094094     
          74 -0.17863092301533467     
          75 -0.18632299471222444     
          76 -0.17139094554743881     
          77 -0.18539307431619298     
          78 -0.18511307858784570     
          79 -0.17282034474606131     
          80 -0.18820478478737498     
          81 -0.17772779715020326     
          82 -0.19188878098710194     
          83 -0.18610306247766062     
          84 -0.18338112366216991     
          85 -0.16789472140127693     
          86 -0.17801614373896044     
          87 -0.17805212841855733     
          88 -0.18444027584915176     
          89 -0.18138859028015430     
          90 -0.17401666017953832     
          91 -0.18330427747233100     
          92 -0.18038154484472058     
          93 -0.17791305259250464     
          94 -0.17630599369684177     
          95 -0.17704162555352448     
          96 -0.17320308907951629     
          97 -0.17101531767880079     
          98 -0.18758101066779959     
          99 -0.17635074584919158     
         100 -0.18094345597782649     
         101 -0.17698367308287247     
         102 -0.17986939338335173     
         103 -0.17810842199664512     
         104 -0.17159821145266832     
         105 -0.18787349458576424     
         106 -0.17765438977270914     
         107 -0.18072184884859224     
         108 -0.18009605899307463     
         109 -0.17768111085743801     
         110 -0.17681234359018144     
         111 -0.18456133656623758     
         112 -0.17569355340919024     
         113 -0.18212698021099755     
         114 -0.17277029460041426     
         115 -0.18137717635807335     
         116 -0.17392614098592210     
         117 -0.17926078550358077     
         118 -0.18197218289921671     
         119 -0.17623387274926186     
         120 -0.18351491040067916     
         121 -0.17726412330537342     
         122 -0.18202997970764764     
         123 -0.17654329543507186     
         124 -0.17450465176909508     
         125 -0.17063730283891426     
         126 -0.18215426014769734     
         127 -0.18350124176126345     
         128 -0.17903104560537522     
         129 -0.18491796286403656     
         130 -0.17951680697765870     
         131 -0.18356904352394698     
         132 -0.18086782099757692     
         133 -0.17795265460126017     
         134 -0.18189187623948874     
         135 -0.17446388675684385     
         136 -0.17731565081189629     
         137 -0.17277770240584500     
         138 -0.17726356706088178     
         139 -0.17135915142976538     
         140 -0.18296704157190713     
         141 -0.18471548183586628     
         142 -0.18199108729141175     
         143 -0.18240036365575718     
         144 -0.17113151006868296     
         145 -0.17139409636635755     
         146 -0.18023520711137306     
         147 -0.19505414485129052     
         148 -0.18705777333323462     
         149 -0.17697565870904736     
         150 -0.17448949271517375     
         151 -0.18696884383119566     
         152 -0.18724765221453268     
         153 -0.17949178942285901     
         154 -0.18708430923144667     
         155 -0.18018495986458360     
         156 -0.17056924604721102     
         157 -0.17461827438974056     
         158 -0.17426075820522624     
         159 -0.18324943782161845     
         160 -0.17692228189101072     
         161 -0.18843375352684921     
         162 -0.18288071672130779     
         163 -0.18288746722952601     
         164 -0.18207851824999044     
         165 -0.17580685351046196     
         166 -0.19340187793100591     
         167 -0.18151201642656686     
         168 -0.17595696846913722     
         169 -0.17568078853580879     
         170 -0.19104846575382720     
         171 -0.17555080960840547     
         172 -0.18541175174835167     
         173 -0.17991069981909205     
         174 -0.18320345993930759     
         175 -0.18259699812119429     
         176 -0.18619472045609703     
         177 -0.17897483353586024     
         178 -0.18109363320143998     
         179 -0.17999713292348229     
         180 -0.17487199958168484     
         181 -0.18298232504785938     
         182 -0.17445522147988352     
         183 -0.17800487887190330     
         184 -0.17591050455149232     
         185 -0.16464412099417683     
         186 -0.18164023339774363     
         187 -0.17326562238588769     
         188 -0.18055309485920504     
         189 -0.18107121170548518     
         190 -0.18236278002123846     
         191 -0.18063201156565481     
         192 -0.17599651639246061     
         193 -0.17310334053479035     
         194 -0.17746000517874824     
         195 -0.18397695524201380     
         196 -0.18353870938822087     
         197 -0.18739213315409600     
         198 -0.18041473645504866     
         199 -0.17863092303195580     
         200 -0.18632299473772249     
         201 -0.17139094557076079     
         202 -0.18539307430995022     
         203 -0.18511307861388226     
         204 -0.17282034478455854     
         205 -0.18820478476365979     
         206 -0.17772779718632176     
         207 -0.19188878096399944     
         208 -0.18610306250159758     
         209 -0.18338112365541995     
         210 -0.16789472138205264     
         211 -0.17801614371358740     
         212 -0.17805212846988852     
         213 -0.18444027594478579     
         214 -0.18138859028609639     
         215 -0.17401666016114081     
         216 -0.18330427745296135     
         217 -0.18038154484847163     
         218 -0.17791305260899171     
         219 -0.17630599370363675     
         220 -0.17704162554750585     
         221 -0.17320308904118181     
         222 -0.17101531766252129     
         223 -0.18758101069265351     
         224 -0.17635074588980729     
         225 -0.18094345599004777     
         226 -0.17698367308365623     
         227 -0.17986939343396868     
         228 -0.17810842199186716     
         229 -0.17159821144958926     
         230 -0.18787349458060881     
         231 -0.17765438976038128     
         232 -0.18072184884280024     
         233 -0.18009605899461506     
         234 -0.17768111088719016     
         235 -0.17681234359206580     
         236 -0.18456133657326601     
         237 -0.17569355344274246     
         238 -0.18212698020299095     
         239 -0.17277029461123358     
         240 -0.18137717638777306     
         241 -0.17392614097684686     
         242 -0.17926078549277982     
         243 -0.18197218284300123     
         244 -0.17623387277299155     
         245 -0.18351491042645171     
         246 -0.17726412335004535     
         247 -0.18202997968939078     
         248 -0.17654329542464353     
         249 -0.17450465175492941     
         250 -0.17063730284125156     
         251 -0.18215426015229119     
         252 -0.18350124172087387     
         253 -0.17903104561037386     
         254 -0.18491796285926876     
         255 -0.17951680699364433     
         256 -0.18356904350938730     
         257 -0.18086782101824900     
         258 -0.17795265463819115     
         259 -0.18189187625625555     
         260 -0.17446388674147290     
         261 -0.17731565082156170     
         262 -0.17277770241040591     
         263 -0.17726356707624824     
         264 -0.17135915143526928     
         265 -0.18296704159044072     
         266 -0.18471548182713152     
         267 -0.18199108726629118     
         268 -0.18240036365742493     
         269 -0.17113151006158589     
         270 -0.17139409635427622     
         271 -0.18023520710974467     
         272 -0.19505414484623215     
         273 -0.18705777331565124     
         274 -0.17697565872493318     
         275 -0.17448949274495895     
         276 -0.18696884385402157     
         277 -0.18724765222943915     
         278 -0.17949178939748692     
         279 -0.18708430924755468     
         280 -0.18018495983083851     
         281 -0.17056924601673579     
         282 -0.17461827437440589     
         283 -0.17426075824702572     
         284 -0.18324943782315140     
         285 -0.17692228189048556     
         286 -0.18843375349908079     
         287 -0.18288071678254147     
         288 -0.18288746724627233     
         289 -0.18207851824890248     
         290 -0.17580685349510650     
         291 -0.19340187792085456     
         292 -0.18151201641656017     
         293 -0.17595696848051959     
         294 -0.17568078855615352     
         295 -0.19104846574420825     
         296 -0.17555080963607569     
         297 -0.18541175175625188     
         298 -0.17991069980814867     
         299 -0.18320345996558607     
         300 -0.18259699812100144     
         301 -0.18619472044780744     
         302 -0.17897483351442098     
         303 -0.18109363322249150     
         304 -0.17999713296459863     
         305 -0.17487199958495181     
         306 -0.18298232505437503     
         307 -0.17445522148018602     
         308 -0.17800487886705660     
         309 -0.17591050453463691     
         310 -0.16464412099539552     
         311 -0.18164023343363786     
         312 -0.17326562238600679     
         313 -0.18055309487665980     
         314 -0.18107121169813736     
         315 -0.18236278008462686     
         316 -0.18063201154539985     
         317 -0.17599651643936645     
         318 -0.17310334048677012     
         319 -0.17746000514762114     
         320 -0.18397695522889024     
         321 -0.18353870934160726     
         322 -0.18739213319870882     
         323 -0.18041473645076120     
         324 -0.17863092304995445     
         325 -0.18632299469642125     
         326 -0.17139094554911638     
         327 -0.18539307429938967     
         328 -0.18511307859048742     
         329 -0.17282034478160646     
         330 -0.18820478479183700     
         331 -0.17772779715463558     
         332 -0.19188878097131437     
         333 -0.18610306248015318     
         334 -0.18338112363956791     
         335 -0.16789472139382858     
         336 -0.17801614373190228     
         337 -0.17805212838714801     
         338 -0.18444027583523123     
         339 -0.18138859032668395     
         340 -0.17401666017808207     
         341 -0.18330427744995351     
         342 -0.18038154478907029     
         343 -0.17791305263143412     
         344 -0.17630599369331640     
         345 -0.17704162553909400     
         346 -0.17320308906476806     
         347 -0.17101531767169398     
         348 -0.18758101067797112     
         349 -0.17635074585987262     
         350 -0.18094345601497533     
         351 -0.17698367307037186     
         352 -0.17986939340160299     
         353 -0.17810842198094604     
         354 -0.17159821145952042     
         355 -0.18787349459358452     
         356 -0.17765438980979117     
         357 -0.18072184882189368     
         358 -0.18009605898694697     
         359 -0.17768111087417512     
         360 -0.17681234359453354     
         361 -0.18456133652807952     
         362 -0.17569355346049548     
         363 -0.18212698022451948     
         364 -0.17277029460350979     
         365 -0.18137717633503259     
         366 -0.17392614097933343     
         367 -0.17926078548913374     
         368 -0.18197218286775246     
         369 -0.17623387274039262     
         370 -0.18351491037841708     
         371 -0.17726412332680938     
         372 -0.18202997972805837     
         373 -0.17654329541094951     
         374 -0.17450465171436397     
         375 -0.17063730284657705     
         376 -0.18215426014045638     
         377 -0.18350124175394850     
         378 -0.17903104556726493     
         379 -0.18491796288439163     
         380 -0.17951680698198533     
         381 -0.18356904353576486     
         382 -0.18086782102166263     
         383 -0.17795265463434962     
         384 -0.18189187623600711     
         385 -0.17446388671363430     
         386 -0.17731565082011969     
         387 -0.17277770238985424     
         388 -0.17726356704778273     
         389 -0.17135915140929167     
         390 -0.18296704158702209     
         391 -0.18471548181478575     
         392 -0.18199108728956967     
         393 -0.18240036364513162     
         394 -0.17113151006352048     
         395 -0.17139409633822253     
         396 -0.18023520712628086     
         397 -0.19505414486185274     
         398 -0.18705777332080362     
         399 -0.17697565871164972     
         400 -0.17448949277476483     
         401 -0.18696884386278639     
         402 -0.18724765220612447     
         403 -0.17949178939877353     
         404 -0.18708430924685440     
         405 -0.18018495983992594     
         406 -0.17056924604724208     
         407 -0.17461827437741675     
         408 -0.17426075821692039     
         409 -0.18324943781605071     
         410 -0.17692228189178399     
         411 -0.18843375353322150     
         412 -0.18288071672415124     
         413 -0.18288746724405566     
         414 -0.18207851821895199     
         415 -0.17580685349687217     
         416 -0.19340187791466162     
         417 -0.18151201641160913     
         418 -0.17595696847681988     
         419 -0.17568078854336802     
         420 -0.19104846572707487     
         421 -0.17555080965042580     
         422 -0.18541175175860775     
         423 -0.17991069981555016     
         424 -0.18320345994940870     
         425 -0.18259699810741994     
         426 -0.18619472044677302     
         427 -0.17897483354053245     
         428 -0.18109363322766009     
         429 -0.17999713293246519     
         430 -0.17487199962031663     
         431 -0.18298232503668901     
         432 -0.17445522147905010     
         433 -0.17800487886558550     
         434 -0.17591050455416329     
         435 -0.16464412099867606     
         436 -0.18164023341353008     
         437 -0.17326562239133608     
         438 -0.18055309485115376     
         439 -0.18107121170959214     
         440 -0.18236278006579207     
         441 -0.18063201155126302     
         442 -0.17599651644928965     
         443 -0.17310334047487072     
         444 -0.17746000519207183     
         445 -0.18397695524282676     
         446 -0.18353870932752095     
         447 -0.18739213316032788     
         448 -0.18041473645438441     
         449 -0.17863092302921998     
         450 -0.18632299469432043     
         451 -0.17139094555105105     
         452 -0.18539307429778062     
         453 -0.18511307860815249     
         454 -0.17282034478032790     
         455 -0.18820478477977132     
         456 -0.17772779716507678     
         457 -0.19188878097631767     
         458 -0.18610306250089304     
         459 -0.18338112365609321     
         460 -0.16789472138360870     
         461 -0.17801614370993468     
         462 -0.17805212841123330     
         463 -0.18444027588080847     
         464 -0.18138859030109833     
         465 -0.17401666019235210     
         466 -0.18330427748226547     
         467 -0.18038154486539654     
         468 -0.17791305261262363     
         469 -0.17630599370124531     
         470 -0.17704162553825226     
         471 -0.17320308907947898     
         472 -0.17101531768947734     
         473 -0.18758101068369121     
         474 -0.17635074587271479     
         475 -0.18094345599770992     
         476 -0.17698367305580004     
         477 -0.17986939341536728     
         478 -0.17810842199727886     
         479 -0.17159821143232887     
         480 -0.18787349463482086     
         481 -0.17765438977914699     
         482 -0.18072184886496848     
         483 -0.18009605898682882     
         484 -0.17768111090352148     
         485 -0.17681234358345271     
         486 -0.18456133655739099     
         487 -0.17569355340183707     
         488 -0.18212698020471974     
         489 -0.17277029457909643     
         490 -0.18137717635080425     
         491 -0.17392614097739550     
         492 -0.17926078555123887     
         493 -0.18197218287040723     
         494 -0.17623387277323990     
         495 -0.18351491041755505     
         496 -0.17726412331773669     
         497 -0.18202997972150603     
         498 -0.17654329543319180     
         499 -0.17450465172839347     
         500 -0.17063730283704384     
         501 -0.18215426017355238     
         502 -0.18350124176004382     
         503 -0.17903104560397304     
         504 -0.18491796285922479     
         505 -0.17951680698915409     
         506 -0.18356904354549050     
         507 -0.18086782102408566     
         508 -0.17795265462949802     
         509 -0.18189187625831940     
         510 -0.17446388673152641     
         511 -0.17731565084391882     
         512 -0.17277770242149065     
         513 -0.17726356703695853     
         514 -0.17135915145969616     
         515 -0.18296704156806262     
         516 -0.18471548180931427     
         517 -0.18199108726531882     
         518 -0.18240036366007328     
         519 -0.17113151007740443     
         520 -0.17139409635838734     
         521 -0.18023520708572724     
         522 -0.19505414486977304     
         523 -0.18705777328691983     
         524 -0.17697565872132059     
         525 -0.17448949276187789     
         526 -0.18696884381029172     
         527 -0.18724765223550330     
         528 -0.17949178941861729     
         529 -0.18708430924018121     
         530 -0.18018495983236535     
         531 -0.17056924601122256     
         532 -0.17461827437081195     
         533 -0.17426075824996948     
         534 -0.18324943779968511     
         535 -0.17692228188353895     
         536 -0.18843375349624533     
         537 -0.18288071671780215     
         538 -0.18288746724328958     
         539 -0.18207851820980431     
         540 -0.17580685351194833     
         541 -0.19340187791537400     
         542 -0.18151201640515657     
         543 -0.17595696850067977     
         544 -0.17568078852551106     
         545 -0.19104846573425249     
         546 -0.17555080963089398     
         547 -0.18541175174611033     
         548 -0.17991069981150160     
         549 -0.18320345998287468     
         550 -0.18259699810433616     
         551 -0.18619472046374552     
         552 -0.17897483352266463     
         553 -0.18109363322317112     
         554 -0.17999713293827599     
         555 -0.17487199961434266     
         556 -0.18298232502707601     
         557 -0.17445522148140774     
         558 -0.17800487883716529     
         559 -0.17591050454868240     
         560 -0.16464412095924619     
         561 -0.18164023341090063     
         562 -0.17326562239022078     
         563 -0.18055309486891263     
         564 -0.18107121172637547     
         565 -0.18236278006056142     
         566 -0.18063201156518274     
         567 -0.17599651641078698     
         568 -0.17310334053365048     
         569 -0.17746000519496913     
         570 -0.18397695524001934     
         571 -0.18353870936103858     
         572 -0.18739213316952311     
         573 -0.18041473648128920     
         574 -0.17863092302443748     
         575 -0.18632299470319877     
         576 -0.17139094555142936     
         577 -0.18539307430129309     
         578 -0.18511307858043180     
         579 -0.17282034474494040     
         580 -0.18820478476923003     
         581 -0.17772779716553241     
         582 -0.19188878094918635     
         583 -0.18610306250332698     
         584 -0.18338112361129691     
         585 -0.16789472139295400     
         586 -0.17801614375259284     
         587 -0.17805212840353007     
         588 -0.18444027584738770     
         589 -0.18138859025213744     
         590 -0.17401666018156955     
         591 -0.18330427746405609     
         592 -0.18038154481788476     
         593 -0.17791305261599230     
         594 -0.17630599371502403     
         595 -0.17704162555554820     
         596 -0.17320308904955595     
         597 -0.17101531767206990     
         598 -0.18758101066014329     
         599 -0.17635074586192770     
         600 -0.18094345599345332     
         601 -0.17698367307249616     
         602 -0.17986939339474164     
         603 -0.17810842199526380     
         604 -0.17159821147007084     
         605 -0.18787349463141081     
         606 -0.17765438981144691     
         607 -0.18072184885634254     
         608 -0.18009605899513065     
         609 -0.17768111087302510     
         610 -0.17681234359815620     
         611 -0.18456133652991644     
         612 -0.17569355346563112     
         613 -0.18212698018022030     
         614 -0.17277029458190726     
         615 -0.18137717630498532     
         616 -0.17392614097206094     
         617 -0.17926078550366900     
         618 -0.18197218288931313     
         619 -0.17623387276647293     
         620 -0.18351491042202284     
         621 -0.17726412329894536     
         622 -0.18202997972967869     
         623 -0.17654329539985125     
         624 -0.17450465172510934     
         625 -0.17063730284465770     
         626 -0.18215426016533362     
         627 -0.18350124174662014     
         628 -0.17903104557722976     
         629 -0.18491796285697390     
         630 -0.17951680699405434     
         631 -0.18356904352628053     
         632 -0.18086782101026105     
         633 -0.17795265461401544     
         634 -0.18189187620264838     
         635 -0.17446388675899591     
         636 -0.17731565085146969     
         637 -0.17277770242769480     
         638 -0.17726356700138179     
         639 -0.17135915139926594     
         640 -0.18296704158542065     
         641 -0.18471548182172320     
         642 -0.18199108729180846     
         643 -0.18240036362623208     
         644 -0.17113151005427366     
         645 -0.17139409637936115     
         646 -0.18023520709199303     
         647 -0.19505414484760819     
         648 -0.18705777330911685     
         649 -0.17697565870212228     
         650 -0.17448949274007786     
         651 -0.18696884380009868     
         652 -0.18724765222679063     
         653 -0.17949178941243848     
         654 -0.18708430923839325     
         655 -0.18018495983535018     
         656 -0.17056924604414736     
         657 -0.17461827440618172     
         658 -0.17426075823863080     
         659 -0.18324943780713909     
         660 -0.17692228190036771     
         661 -0.18843375353122926     
         662 -0.18288071675225598     
         663 -0.18288746724175195     
         664 -0.18207851821678062     
         665 -0.17580685349858205     
         666 -0.19340187788142660     
         667 -0.18151201644311493     
         668 -0.17595696848758927     
         669 -0.17568078854186747     
         670 -0.19104846572380166     
         671 -0.17555080958509806     
         672 -0.18541175177989327     
         673 -0.17991069980025604     
         674 -0.18320345999234933     
         675 -0.18259699809718372     
         676 -0.18619472045396990     
         677 -0.17897483356227581     
         678 -0.18109363322532893     
         679 -0.17999713295030961     
         680 -0.17487199961402944     
         681 -0.18298232504791948     
         682 -0.17445522146398584     
         683 -0.17800487885387492     
         684 -0.17591050454196569     
         685 -0.16464412098948525     
         686 -0.18164023340051219     
         687 -0.17326562236139323     
         688 -0.18055309484207074     
         689 -0.18107121172092150     
         690 -0.18236278007872139     
         691 -0.18063201154703482     
         692 -0.17599651642695910     
         693 -0.17310334051582643     
         694 -0.17746000518688074     
         695 -0.18397695523493965     
         696 -0.18353870935259239     
         697 -0.18739213315294770     
         698 -0.18041473645616959     
         699 -0.17863092300414701     
         700 -0.18632299469487343     
         701 -0.17139094553638554     
         702 -0.18539307430825153     
         703 -0.18511307860839854     
         704 -0.17282034476999333     
         705 -0.18820478478282127     
         706 -0.17772779718144552     
         707 -0.19188878096164222     
         708 -0.18610306250794026     
         709 -0.18338112363313883     
         710 -0.16789472140506151     
         711 -0.17801614370146718     
         712 -0.17805212841959153     
         713 -0.18444027588244005     
         714 -0.18138859030383880     
         715 -0.17401666017584072     
         716 -0.18330427748168010     
         717 -0.18038154481612681     
         718 -0.17791305259478069     
         719 -0.17630599371019698     
         720 -0.17704162556777686     
         721 -0.17320308911059737     
         722 -0.17101531766274847     
         723 -0.18758101068220948     
         724 -0.17635074585946953     
         725 -0.18094345597031233     
         726 -0.17698367308135668     
         727 -0.17986939342421296     
         728 -0.17810842202409827     
         729 -0.17159821145638096     
         730 -0.18787349459718009     
         731 -0.17765438980469522     
         732 -0.18072184889255688     
         733 -0.18009605898112366     
         734 -0.17768111091154501     
         735 -0.17681234359848966     
         736 -0.18456133653159848     
         737 -0.17569355345454646     
         738 -0.18212698018388254     
         739 -0.17277029461807344     
         740 -0.18137717635536063     
         741 -0.17392614096746989     
         742 -0.17926078548125232     
         743 -0.18197218287492001     
         744 -0.17623387278101213     
         745 -0.18351491041087015     
         746 -0.17726412334221414     
         747 -0.18202997970848914     
         748 -0.17654329540232294     
         749 -0.17450465171692825     
         750 -0.17063730283131787     
         751 -0.18215426015781158     
         752 -0.18350124175684401     
         753 -0.17903104559289323     
         754 -0.18491796288389165     
         755 -0.17951680696911093     
         756 -0.18356904351734296     
         757 -0.18086782100253415     
         758 -0.17795265456352088     
         759 -0.18189187625533620     
         760 -0.17446388673569210     
         761 -0.17731565084387280     
         762 -0.17277770240865536     
         763 -0.17726356702525961     
         764 -0.17135915144182554     
         765 -0.18296704158039018     
         766 -0.18471548181801575     
         767 -0.18199108729224500     
         768 -0.18240036365441817     
         769 -0.17113151009540303     
         770 -0.17139409633850700     
         771 -0.18023520709529073     
         772 -0.19505414486794984     
         773 -0.18705777331107956     
         774 -0.17697565873327553     
         775 -0.17448949276670334     
         776 -0.18696884383458937     
         777 -0.18724765222578435     
         778 -0.17949178940853555     
         779 -0.18708430924014804     
         780 -0.18018495985041452     
         781 -0.17056924601686813     
         782 -0.17461827439420799     
         783 -0.17426075821437120     
         784 -0.18324943781402975     
         785 -0.17692228193588538     
         786 -0.18843375351957276     
         787 -0.18288071673062545     
         788 -0.18288746724139818     
         789 -0.18207851821622495     
         790 -0.17580685350867128     
         791 -0.19340187791863470     
         792 -0.18151201643787407     
         793 -0.17595696851192141     
         794 -0.17568078854166477     
         795 -0.19104846575141746     
         796 -0.17555080958058258     
         797 -0.18541175178409183     
         798 -0.17991069980141333     
         799 -0.18320345996425083     
         800 -0.18259699811646538     
         801 -0.18619472046614061     
         802 -0.17897483353435653     
         803 -0.18109363320931182     
         804 -0.17999713295506278     
         805 -0.17487199961789465     
         806 -0.18298232502362585     
         807 -0.17445522144278458     
         808 -0.17800487886384406     
         809 -0.17591050453549067     
         810 -0.16464412100588635     
         811 -0.18164023341165864     
         812 -0.17326562242606536     
         813 -0.18055309487555965     
         814 -0.18107121171626026     
         815 -0.18236278006875112     
         816 -0.18063201155314731     
         817 -0.17599651639782168     
         818 -0.17310334050558443     
         819 -0.17746000516200877     
         820 -0.18397695523320365     
         821 -0.18353870936761382     
         822 -0.18739213315501424     
         823 -0.18041473648513146     
         824 -0.17863092300781860     
         825 -0.18632299470833838     
         826 -0.17139094555589374     
         827 -0.18539307429057883     
         828 -0.18511307861570056     
         829 -0.17282034472556398     
         830 -0.18820478478829583     
         831 -0.17772779716842299     
         832 -0.19188878097918627     
         833 -0.18610306251202674     
         834 -0.18338112363000081     
         835 -0.16789472137348344     
         836 -0.17801614371537985     
         837 -0.17805212840130838     
         838 -0.18444027587082865     
         839 -0.18138859030272497     
         840 -0.17401666020046447     
         841 -0.18330427744002414     
         842 -0.18038154480551608     
         843 -0.17791305258211290     
         844 -0.17630599369955113     
         845 -0.17704162556280445     
         846 -0.17320308910890175     
         847 -0.17101531766112638     
         848 -0.18758101068677893     
         849 -0.17635074584482699     
         850 -0.18094345600518269     
         851 -0.17698367304706061     
         852 -0.17986939342208624     
         853 -0.17810842199484289     
         854 -0.17159821145273241     
         855 -0.18787349457813074     
         856 -0.17765438981660150     
         857 -0.18072184885101369     
         858 -0.18009605900829717     
         859 -0.17768111085082214     
         860 -0.17681234362648970     
         861 -0.18456133651638973     
         862 -0.17569355343299112     
         863 -0.18212698017720633     
         864 -0.17277029457843271     
         865 -0.18137717634915654     
         866 -0.17392614094580336     
         867 -0.17926078551871386     
         868 -0.18197218290924627     
         869 -0.17623387278152639     
         870 -0.18351491040657303     
         871 -0.17726412332027991     
         872 -0.18202997973623536     
         873 -0.17654329539172733     
         874 -0.17450465173096952     
         875 -0.17063730283751904     
         876 -0.18215426016878933     
         877 -0.18350124174053856     
         878 -0.17903104561329408     
         879 -0.18491796286530024     
         880 -0.17951680697466718     
         881 -0.18356904352214123     
         882 -0.18086782102267024     
         883 -0.17795265464473661     
         884 -0.18189187624685438     
         885 -0.17446388675826849     
         886 -0.17731565085121259     
         887 -0.17277770243913482     
         888 -0.17726356704649282     
         889 -0.17135915140334179     
         890 -0.18296704158014485     
         891 -0.18471548183227304     
         892 -0.18199108725474675     
         893 -0.18240036365060791     
         894 -0.17113151008477387     
         895 -0.17139409636287234     
         896 -0.18023520711337587     
         897 -0.19505414485111328     
         898 -0.18705777331856027     
         899 -0.17697565870535711     
         900 -0.17448949269066674     
         901 -0.18696884386561791     
         902 -0.18724765223997031     
         903 -0.17949178940311861     
         904 -0.18708430926556333     
         905 -0.18018495983429350     
         906 -0.17056924602312482     
         907 -0.17461827437220037     
         908 -0.17426075820595949     
         909 -0.18324943781196043     
         910 -0.17692228190170722     
         911 -0.18843375353097641     
         912 -0.18288071675022807     
         913 -0.18288746727320659     
         914 -0.18207851821561319     
         915 -0.17580685351388159     
         916 -0.19340187792390259     
         917 -0.18151201644459666     
         918 -0.17595696847238640     
         919 -0.17568078853325814     
         920 -0.19104846572892983     
         921 -0.17555080963253408     
         922 -0.18541175175329258     
         923 -0.17991069982512436     
         924 -0.18320345998082516     
         925 -0.18259699810643179     
         926 -0.18619472047841343     
         927 -0.17897483352094429     
         928 -0.18109363323156591     
         929 -0.17999713293053329     
         930 -0.17487199958114974     
         931 -0.18298232503403900     
         932 -0.17445522149001530     
         933 -0.17800487886114422     
         934 -0.17591050454514573     
         935 -0.16464412099783166     
         936 -0.18164023336341312     
         937 -0.17326562241326940     
         938 -0.18055309487029828     
         939 -0.18107121172924576     
         940 -0.18236278003466819     
         941 -0.18063201154185765     
         942 -0.17599651639977248     
         943 -0.17310334051421342     
         944 -0.17746000518260149     
         945 -0.18397695524589483     
         946 -0.18353870935076147     
         947 -0.18739213318031048     
         948 -0.18041473646014930     
         949 -0.17863092302655345     
         950 -0.18632299470659189     
         951 -0.17139094555316270     
         952 -0.18539307431291432     
         953 -0.18511307859717629     
         954 -0.17282034472867316     
         955 -0.18820478479446739     
         956 -0.17772779716769721     
         957 -0.19188878097130216     
         958 -0.18610306251641057     
         959 -0.18338112365709688     
         960 -0.16789472139414069     
         961 -0.17801614372012120     
         962 -0.17805212843376741     
         963 -0.18444027588201087     
         964 -0.18138859029767371     
         965 -0.17401666018995501     
         966 -0.18330427747861824     
         967 -0.18038154486190736     
         968 -0.17791305259780552     
         969 -0.17630599369483471     
         970 -0.17704162556352118     
         971 -0.17320308912180793     
         972 -0.17101531767241687     
         973 -0.18758101066344116     
         974 -0.17635074585907226     
         975 -0.18094345599404424     
         976 -0.17698367306696583     
         977 -0.17986939340508382     
         978 -0.17810842202170360     
         979 -0.17159821144653584     
         980 -0.18787349460461286     
         981 -0.17765438980018788     
         982 -0.18072184885791545     
         983 -0.18009605900215392     
         984 -0.17768111090684188     
         985 -0.17681234359089060     
         986 -0.18456133656267507     
         987 -0.17569355341815568     
         988 -0.18212698020875473     
         989 -0.17277029458501178     
         990 -0.18137717629493430     
         991 -0.17392614096747408     
         992 -0.17926078549388602     
         993 -0.18197218287873287     
         994 -0.17623387274458358     
         995 -0.18351491040706619     
         996 -0.17726412333450053     
         997 -0.18202997974307314     
         998 -0.17654329541954719     
         999 -0.17450465172430799     
        1000 -0.17063730281488632     
 MBD energy:  -179.72104819910504     

