5.2126010000000003
9.9022910000000017
5.0812779999999993
23.618389999999998
5.3178979999999996
9.7386499999999980
11.538174999999999
4.7791429999999995
12.425248000000000
5.6054619999999993
5.3566109999999991
11.074027000000001
4.6626239999999992
14.888995000000001
4.4782890000000002
12.205163000000001
4.7006680000000003
11.590025000000001
3.9490949999999998
13.200950000000002
3.7960170000000000
10.402681000000001
3.8151539999999997
8.4226390000000002
3.6964119999999996
11.414642000000001
3.2389220000000005
8.2177709999999990
4.2558799999999994
2.9152199999999997
8.5614039999999996
3.1736680000000002
3.0771720000000000
7.8110580000000001
2.5040510000000000
2.4352570000000000
