7.1165070000000004
2.5410670000000004
7.5083159999999998
2.7512700000000003
2.2147009999999998
5.3188300000000002
5.7310370000000006
2.2178760000000000
5.4334140000000000
2.1674570000000006
1.7835030000000001
2.9756979999999995
5.7996699999999990
2.1478440000000001
1.6119479999999999
1.7874370000000002
4.8111969999999999
3.1643979999999994
1.4340480000000000
1.9828490000000001
4.9940989999999994
1.7554740000000004
1.3141659999999999
1.9748000000000001
4.1650669999999996
1.6997320000000000
1.2142369999999998
1.6395869999999999
3.8722580000000000
2.9868079999999999
1.2119350000000000
1.9516560000000001
3.6703399999999995
1.2139979999999997
1.1187509999999998
1.1126369999999999
