12.285624000000000
6.0533070000000002
8.8890799999999999
12.393875000000000
5.1325219999999998
12.257780000000002
8.8635009999999994
5.2833830000000006
16.386820000000000
11.575603999999998
5.0336759999999989
13.289673000000001
7.3149510000000006
6.1293080000000000
10.241637000000001
5.2303499999999996
8.3917010000000012
10.775656999999999
4.8619219999999990
13.564545000000003
6.9616400000000009
4.7334630000000004
13.356097000000002
5.2095040000000008
4.9499350000000000
7.0092660000000002
4.5070230000000002
10.161406000000001
4.1963369999999998
13.817222000000001
4.1152060000000006
9.0065340000000020
5.2312740000000000
3.7014720000000008
4.0234600000000000
3.9725280000000005
