6.1748670000000008
6.0809239999999996
9.1823689999999996
5.2254790000000000
13.406269000000002
5.2027270000000003
7.9990139999999998
5.6282920000000001
8.4086590000000001
5.0779010000000007
8.2519010000000002
4.6533220000000011
10.583300000000001
3.9866200000000003
12.751135000000001
3.8465130000000003
13.029500000000001
3.8453030000000004
13.995388000000002
3.7641210000000003
12.897697999999998
3.6404640000000001
8.5017350000000000
3.0805879999999997
16.259675999999999
2.9975030000000000
8.7639309999999995
2.7635440000000004
2.4812980000000007
11.473230000000001
2.6280869999999998
2.3090480000000002
12.136437000000001
2.1563840000000001
2.0189599999999999
10.527021000000001
