3.5559000000000007E-002
3.5598999999999936E-002
3.3125000000000071E-002
3.9748000000000006E-002
3.9281999999999928E-002
0.12675999999999998
0.16725400000000068
4.9798000000000009E-002
3.2013000000000069E-002
2.8506000000000031E-002
2.8569999999999984E-002
2.8137999999999996E-002
3.0869000000000035E-002
3.7903999999999938E-002
8.7555999999999967E-002
0.21602599999999983
3.5309000000000035E-002
3.0010999999999899E-002
2.5638999999999967E-002
3.2466999999999913E-002
5.7606000000000046E-002
0.13712599999999986
6.6556000000000282E-002
2.7194000000000051E-002
2.8000000000000025E-002
2.7863000000000082E-002
2.6915000000000022E-002
2.8025999999999995E-002
2.9732000000000092E-002
2.9771000000000103E-002
3.8009999999999988E-002
3.8426999999999989E-002
3.7381000000000109E-002
0.10554100000000011
0.26235199999999992
3.3634999999999859E-002
