0.35401000000000005
0.33486399999999983
0.32500399999999985
0.32578399999999996
0.33739199999999991
0.38496500000000000
1.1738609999999996
0.38429399999999969
0.27020800000000000
0.26735899999999990
0.26507300000000000
0.26503399999999999
0.25418399999999997
0.27663799999999994
0.31835000000000002
0.32577299999999998
0.38734100000000005
0.54932499999999962
0.62514500000000028
0.37743299999999991
0.25390299999999999
0.26149500000000003
0.25915500000000002
0.25643099999999996
0.26013399999999998
0.27205999999999997
0.32002800000000009
0.43636600000000025
0.61799699999999991
0.61360199999999976
0.32628999999999997
0.25430299999999995
0.26276299999999997
0.25608900000000001
0.25906899999999999
0.25918799999999997
