2.9636510000000000
8.2181909999999991
2.2864659999999999
5.2765260000000005
2.2754089999999998
1.9709380000000003
5.0611020000000000
3.4253589999999994
1.7457790000000000
2.1136270000000001
5.6668030000000007
3.2952290000000000
1.5902139999999996
2.3578540000000006
6.6917180000000007
1.7658960000000001
1.4942400000000000
1.9677890000000000
4.8117780000000003
2.0527749999999996
1.2846850000000001
1.2904970000000002
3.5374620000000001
4.6491659999999992
1.4532240000000001
1.1876709999999997
1.1658130000000000
3.0839440000000002
5.4580900000000003
1.2883910000000003
1.1259700000000004
1.1454519999999997
3.1807010000000004
3.4477300000000000
1.1497750000000000
1.5904160000000001
