54.597405999999999
57.302903999999998
53.990539000000005
49.894517000000000
53.386022999999994
43.975269999999995
36.764368000000005
40.115876999999998
34.975206999999997
40.830917999999997
30.513994000000000
41.486490000000003
29.255250999999998
31.629949000000003
26.580789999999997
43.029691000000000
24.023295000000001
30.336807000000000
31.002108000000000
30.863823000000000
27.391037000000001
28.871793000000004
20.756724999999999
25.675381000000002
28.228617000000000
27.315059999999999
23.313879999999997
21.787134000000002
21.164250000000003
20.519306000000000
20.962427000000002
20.356863000000001
20.138289000000000
19.294971000000000
20.751714999999997
24.572628000000002
