4.1452000000000044E-002
4.0872000000000019E-002
3.7822000000000022E-002
4.0568000000000048E-002
3.8614000000000037E-002
3.9295000000000080E-002
3.9401000000000019E-002
3.9339000000000013E-002
3.9493000000000000E-002
4.2766999999999999E-002
3.9945000000000008E-002
3.9597999999999911E-002
4.0602999999999945E-002
4.2854000000000059E-002
4.0146000000000015E-002
3.9547999999999917E-002
4.2590000000000017E-002
5.0001999999999991E-002
5.2472999999999992E-002
5.6914000000000020E-002
5.1637000000000044E-002
4.9926000000000026E-002
5.3223999999999938E-002
7.0221000000000089E-002
4.9822999999999951E-002
6.0367999999999977E-002
6.1547999999999936E-002
6.1556999999999973E-002
5.0207000000000002E-002
4.9467000000000039E-002
4.9228999999999967E-002
5.1135000000000042E-002
5.0208000000000030E-002
5.0368999999999997E-002
5.0069000000000030E-002
4.8830000000000040E-002
