10.091939000000000
5.2512539999999994
10.902767000000001
7.0185570000000004
5.1038449999999997
14.299972000000000
5.7927239999999998
11.489369999999999
5.9895189999999996
4.9937140000000007
19.957523000000002
8.8516079999999988
5.6203710000000004
16.063207000000002
5.6582809999999997
5.2191509999999983
11.283315000000000
5.0323300000000000
12.694234000000002
5.7762250000000002
9.4795379999999998
13.527486999999999
4.8864000000000001
14.813941000000002
5.4021690000000007
10.279551000000001
5.0364500000000003
13.335302000000000
5.0992289999999993
5.5709480000000013
16.614982000000001
4.3405839999999998
11.889963999999999
5.1424040000000000
5.0494060000000012
5.3752429999999993
