13.010211999999999
5.4914660000000000
6.0881559999999997
16.870479000000003
17.896955999999999
7.1243049999999997
4.8711279999999988
17.320255000000000
9.9289999999999985
4.7741959999999999
15.630571999999999
6.1477139999999997
4.5909999999999993
13.717165999999999
4.5166230000000001
10.386309000000001
4.5401419999999995
11.999728999999999
4.2886169999999995
12.061769999999999
4.9187850000000006
7.3300719999999995
3.9946039999999998
10.591603000000001
3.9338339999999996
10.479447000000000
3.3654590000000000
9.9813340000000004
4.1475259999999992
4.6294000000000004
6.9549570000000003
2.9050629999999997
8.1671499999999995
5.1449230000000004
2.5575889999999997
5.8683769999999997
