19.671433000000000
4.9681759999999997
20.299326000000001
4.5205590000000004
9.6169359999999990
6.3567859999999996
4.4090480000000003
14.151985999999999
3.8313199999999998
4.1036399999999995
14.494868000000000
3.4021180000000002
6.7731949999999994
6.0124569999999995
3.3463659999999997
5.6587490000000003
4.4745219999999994
3.4535140000000002
3.3524159999999998
18.788663000000000
2.9758140000000002
4.1772879999999999
12.620988000000001
3.6952970000000001
3.2761160000000000
4.4476630000000004
9.8354400000000002
3.3177099999999999
2.9659690000000003
7.3099329999999991
6.6514090000000010
3.0125319999999998
6.7869000000000002
6.9354509999999987
3.1793330000000002
3.7388030000000003
