0.48731300000000011
0.67723800000000001
0.64022699999999944
0.28189499999999990
0.25578999999999996
0.26939099999999994
0.26528099999999999
0.25254399999999999
0.25985599999999998
0.27298000000000000
0.28669399999999989
0.31475399999999998
0.51572200000000001
1.2035879999999999
0.34600900000000001
0.26855399999999996
0.26823400000000008
0.25345099999999998
0.27520400000000000
0.24843199999999999
0.25124800000000003
0.31790200000000002
0.49747100000000000
1.0507040000000005
0.28440500000000002
0.26449699999999987
0.26848400000000006
0.24682099999999996
0.25264399999999998
0.25285000000000013
0.26661299999999988
0.39403999999999995
1.0720149999999995
0.42751599999999890
0.25643399999999994
0.24795999999999996
