5.7128239999999995
7.6300399999999993
13.816983000000000
5.2743570000000002
9.2673640000000006
12.065655000000000
5.0856749999999993
12.315452999999998
6.1246749999999999
8.8366020000000010
11.867876000000001
5.5466899999999990
6.6044520000000002
12.698685000000001
5.7659159999999989
5.9689370000000004
12.442064999999999
4.7076820000000010
12.374923000000001
5.6233699999999995
8.0612479999999991
5.1255319999999998
9.8861030000000021
4.3055389999999996
12.998699999999999
5.1998689999999996
5.6853069999999999
6.8353839999999995
6.7689720000000007
3.6848330000000002
11.505196999999999
3.8045909999999998
9.7543460000000000
3.7835579999999998
7.0852010000000005
3.2496840000000002
