5.5040899999999997
14.461601999999999
5.3488220000000002
10.331671999999999
4.9831140000000005
14.980894000000001
4.6758290000000002
12.987560999999999
5.0688050000000002
5.7567210000000006
11.952525000000000
4.3882040000000009
15.881919999999999
4.3518219999999994
13.659452000000002
4.0482379999999996
16.593419999999998
4.7661749999999996
6.1828610000000008
3.9176479999999998
11.526130000000000
3.6705119999999996
14.336155000000000
3.5720950000000000
13.743494999999999
3.4588120000000000
7.0909060000000004
2.8949530000000001
7.8347099999999994
4.6092269999999997
2.6590100000000003
6.0950359999999995
3.3528730000000007
2.3009640000000000
3.5586820000000001
7.8734230000000007
