6.0465610000000005
9.4427819999999993
4.4733549999999997
11.266076000000002
4.5596589999999999
9.7487480000000009
4.4467060000000007
9.3737449999999995
4.1258820000000007
10.711642000000001
4.2563579999999996
6.5655169999999998
3.2577920000000002
10.028491000000001
3.4894780000000001
7.7370520000000003
3.2110360000000000
4.1557339999999998
8.2473820000000000
2.6541939999999999
5.5484399999999994
6.2509030000000010
2.3976669999999993
5.5882000000000005
4.0814090000000007
2.1137470000000000
5.1541270000000008
4.2107320000000001
1.8605070000000001
3.6175020000000000
5.6821760000000001
1.8072250000000003
1.6983569999999999
4.4103010000000005
4.5433619999999992
1.5856380000000003
