0.27675600000000000
0.27197899999999997
0.27015200000000006
0.30229499999999987
0.53689699999999996
2.3605410000000004
0.43415400000000037
0.24713900000000011
0.22914300000000010
0.22945000000000004
0.22327500000000000
0.22064899999999998
0.22039499999999990
0.22705500000000001
0.26819700000000013
0.36698900000000001
1.0866989999999994
1.2252109999999998
0.35025299999999993
0.20109299999999997
0.20096700000000001
0.20066299999999992
0.20157599999999998
0.21277999999999997
0.25357699999999994
0.51084799999999997
1.1914780000000000
0.36182200000000009
0.23576300000000006
0.25341100000000005
0.23935799999999996
0.22229599999999994
0.41227500000000017
1.9687570000000001
0.22937900000000000
0.21669700000000003
