17.412468000000001
5.3132029999999997
9.4557670000000016
18.714648000000000
5.4912939999999999
5.4447869999999998
17.364023000000000
7.1006059999999991
5.4226089999999996
14.280878999999999
6.2695559999999997
5.9994090000000018
19.981548000000000
5.0700580000000004
13.903366000000000
11.561653000000000
4.9770190000000003
5.2923499999999990
11.105619000000001
5.0235219999999998
6.6202550000000020
20.064987000000002
4.7501350000000002
16.706575999999998
7.2040060000000006
4.6205839999999991
15.826831000000000
4.5663360000000006
8.0524910000000016
8.0886880000000012
4.1678010000000008
15.869691000000000
4.3207639999999996
4.4169720000000012
5.0404710000000001
4.8168299999999995
