9.4529080000000008
2.9247140000000003
4.4769699999999997
7.6127949999999993
2.6871630000000004
7.3960720000000002
2.3879989999999998
9.0490650000000006
2.2449820000000003
2.8818770000000002
6.5774799999999995
2.0599210000000001
2.0581139999999998
5.3210230000000003
3.6617139999999999
1.6703130000000002
2.6778439999999999
5.5910349999999998
1.8947430000000001
1.5011310000000000
1.6028259999999999
4.5439469999999993
4.2540750000000003
1.3995769999999996
2.2235590000000003
5.5330680000000001
1.3839840000000001
1.2992779999999997
3.1568649999999998
3.9799069999999999
1.3655949999999997
1.2538670000000001
8.1127559999999992
1.4565600000000001
1.1525140000000000
1.1422830000000002
