34.581816999999994
29.717748000000000
28.690237000000000
29.718495999999998
28.680565000000001
24.544021999999998
24.761068999999999
24.806187000000001
23.348666000000001
23.050827999999999
20.839033000000001
20.501184000000002
18.914149999999999
19.131798000000000
17.787316999999998
19.505625999999999
23.827897000000000
16.903890999999998
14.978692000000002
17.247933999999997
19.751085999999997
20.530060000000002
20.229987999999999
17.517071000000001
12.946310000000000
14.745767000000001
18.642938000000001
20.011541000000001
15.628102999999999
14.561556999999999
17.372578999999998
19.768805000000000
17.529576000000002
12.957312000000000
17.754549999999998
19.791609999999999
