1.1586850000000002
1.2068500000000000
3.5898440000000003
4.2846670000000007
1.2978990000000001
1.0392070000000004
0.98720700000000006
1.6561449999999998
6.0033499999999993
1.3562830000000003
0.87207100000000015
0.87695600000000007
1.9289479999999999
3.0068839999999994
1.1675950000000002
0.80136700000000005
0.79672499999999991
0.79642899999999983
1.9025520000000002
3.0994960000000003
1.7860210000000003
0.75652199999999992
0.72879799999999995
1.1847690000000000
2.5584780000000000
1.2898999999999994
0.70641500000000002
0.71668600000000016
1.1859320000000000
7.2036499999999997
0.75961400000000001
0.77109900000000009
0.78353300000000015
1.4890110000000001
4.3757900000000003
0.78630099999999992
