12.243160000000000
5.3073660000000000
8.7233839999999994
4.8058740000000002
11.936498000000000
4.8546130000000005
9.0825479999999992
4.0079380000000002
12.580388000000001
4.1957599999999999
7.7635490000000003
3.6160320000000006
11.369334000000000
3.5929329999999999
9.2726280000000010
3.8789730000000002
7.0177040000000002
3.2554200000000000
9.5584920000000011
3.0456620000000001
8.2976479999999988
2.7384599999999999
4.1108409999999997
7.0361279999999997
2.4474589999999994
5.5651370000000000
4.7206960000000002
2.1526079999999999
4.9739330000000006
4.6150339999999996
1.9350399999999999
3.5413480000000002
5.8110960000000000
1.8724919999999998
1.7078510000000002
4.4596540000000005
