7.3693860000000004
1.6433889999999998
2.1103269999999998
5.2857389999999995
1.6140580000000000
1.3573609999999996
1.4367129999999997
4.4011480000000001
1.8537750000000006
1.2080929999999999
1.1946139999999998
3.1134490000000001
5.6402750000000008
1.1128959999999997
1.1216909999999998
1.5450990000000000
3.9371469999999995
2.3314260000000004
1.0235270000000001
0.99713700000000038
2.7085370000000002
3.3496180000000004
1.1061120000000000
0.93915199999999999
0.98917399999999978
2.3434960000000000
3.4134149999999996
1.3338209999999999
0.86949500000000013
0.87416999999999989
0.93811899999999993
2.7584889999999995
4.9160290000000000
0.92492700000000005
0.84620300000000004
0.96873699999999974
