0.10638300000000001
0.10749599999999992
0.12901799999999997
0.29168199999999977
0.69319300000000084
0.15102199999999977
0.11270200000000008
0.10303899999999999
8.6407999999999929E-002
9.0731000000000006E-002
9.0307999999999944E-002
8.5408999999999957E-002
8.3535000000000026E-002
8.9999000000000051E-002
0.10247000000000006
0.18167199999999983
0.80134899999999920
0.12864299999999940
0.10460700000000001
8.4884999999999988E-002
8.2858999999999905E-002
8.1226999999999938E-002
8.3525000000000071E-002
8.5570999999999953E-002
0.11738899999999997
0.10557299999999992
0.79020999999999963
0.42357800000000001
8.5959000000000008E-002
8.2982000000000000E-002
8.3890000000000020E-002
8.1831000000000098E-002
7.9778999999999933E-002
8.0644000000000049E-002
9.6355999999999997E-002
0.11450600000000000
