13.626429999999999
2.2780580000000001
2.1156510000000002
2.8158639999999999
7.3341220000000007
1.9402400000000002
2.5389189999999999
5.4951179999999997
1.8527740000000001
1.5734900000000001
2.0141360000000001
5.0486250000000004
3.2116059999999997
1.4507180000000000
1.8677290000000000
4.2566299999999995
2.1955390000000001
1.3057350000000001
1.9287500000000000
4.2821129999999998
1.6505720000000004
1.2059490000000002
1.5561160000000001
4.5189490000000010
3.3619360000000005
1.2157250000000002
1.1805620000000001
2.9162549999999996
3.6861679999999999
1.2147200000000000
1.1142399999999999
1.1495460000000000
3.2017070000000007
3.7464519999999997
1.1946199999999998
1.0691940000000000
