1.0722069999999999
1.9816579999999997
4.0758210000000004
0.75084199999999990
0.71619800000000000
0.71264799999999995
0.67660399999999998
0.74119499999999994
1.5410240000000002
2.2917129999999997
0.94489800000000024
0.62071100000000001
0.45187100000000002
0.44916699999999987
0.44945999999999986
0.44692299999999996
0.46773099999999990
0.56532700000000013
0.80372800000000000
1.2797119999999995
0.57986000000000004
0.44771100000000008
0.44715500000000008
0.44793099999999997
0.65060700000000005
1.6345670000000001
0.53900099999999984
0.44760999999999995
0.44818800000000003
0.45998600000000001
0.44846600000000003
0.47357199999999988
1.6997110000000000
0.66163200000000000
0.44730499999999984
0.45734900000000001
