1.2061660000000001
1.1471160000000000
1.7458290000000001
10.663149000000001
1.1559569999999997
1.3063890000000002
1.0875349999999999
3.1743960000000007
2.5788539999999998
0.94370900000000002
0.88517799999999991
0.90378100000000017
2.1804720000000000
2.6373709999999999
1.7703279999999997
0.83049300000000004
0.87733099999999997
3.1175560000000004
2.7819040000000004
0.85171200000000002
0.82490100000000000
0.90353099999999986
2.1405680000000000
2.9729929999999998
1.2794420000000002
0.83371500000000009
0.82114699999999996
0.87187099999999995
1.5434220000000001
4.7708490000000001
1.1591840000000000
0.82103399999999982
0.88481900000000002
1.2541230000000001
2.2520480000000003
2.5507210000000002
