8.8767669999999992
3.4805240000000000
10.511225000000000
3.3733559999999994
7.9905779999999993
3.5025059999999995
7.0643649999999996
2.8202340000000001
7.3821159999999999
3.0196050000000003
2.4110250000000004
6.2347919999999997
4.8559029999999996
2.2009970000000001
5.3783969999999997
4.2325369999999998
1.9705250000000001
4.1741940000000000
5.7768620000000004
1.8187460000000000
1.8905570000000000
4.9742110000000004
2.6029640000000005
1.5591400000000000
2.6348669999999998
5.0059959999999997
1.6478699999999997
1.3906590000000003
1.5401709999999997
4.1788870000000005
4.1988939999999992
1.3621049999999999
1.8290309999999996
3.8851670000000000
1.6171270000000000
1.2058900000000001
