0.36011700000000002
1.7737559999999997
0.22280900000000026
0.16463099999999997
0.15802800000000006
0.16153499999999998
0.15377799999999997
0.15324999999999989
0.14861000000000002
0.18943900000000002
0.22878599999999993
0.25371099999999980
1.3647029999999996
0.34496899999999986
0.14741499999999996
0.13568999999999998
0.14583000000000002
0.14291500000000001
0.13533099999999998
0.13822499999999993
0.23186200000000001
1.2836400000000001
0.24929100000000037
0.14114899999999997
0.14403699999999997
0.13597599999999999
0.13204799999999994
0.13327599999999995
0.14526700000000003
0.16404300000000005
0.22533899999999996
1.2849690000000002
0.37525199999999970
0.14568099999999995
0.12890699999999999
0.14160899999999998
