0.98894799999999994
0.91649900000000006
0.92431299999999983
2.2281270000000002
4.0630630000000005
1.0324779999999998
0.75960299999999992
0.74197299999999988
0.78428300000000006
0.77401799999999998
1.3817180000000002
4.0730180000000002
1.1134339999999998
0.65358399999999983
0.63600599999999996
0.62762400000000007
0.62078199999999994
0.97490699999999997
6.0493279999999992
0.84930700000000003
0.59561700000000006
0.58710799999999985
0.61513499999999988
0.65901099999999990
2.1089539999999998
1.9642790000000003
0.61834299999999986
0.58193599999999990
4.9111390000000004
0.68657999999999997
0.62958700000000001
0.69382800000000011
0.82961899999999988
5.7277069999999997
0.69745299999999988
0.56952100000000005
