10.524317000000000
4.2105490000000003
10.025361000000000
3.8506189999999996
9.5785730000000004
4.5017319999999996
5.7805860000000004
3.2057359999999999
9.8912610000000001
3.4351799999999999
4.3270179999999998
8.4920159999999996
3.0768460000000002
7.4735180000000003
2.7411010000000000
7.2790900000000009
2.4751230000000000
5.7871949999999996
2.5862869999999996
2.0991320000000000
4.6323300000000005
6.7054890000000000
1.9989840000000001
2.1879599999999999
5.5081929999999995
2.9393949999999998
1.6462310000000000
3.0158679999999998
5.2361250000000004
1.8172499999999996
1.4958599999999997
1.6093659999999999
4.3857799999999996
4.2747800000000007
1.4239880000000003
2.0455240000000003
