  0.56884621367181532     
  0.58505603366740189     
  0.54691519929094845     
  0.93941469714474279     
  0.66807076055882753     
  0.96143190942570511     
  0.70409137922566256     
  0.56342955515745841     
   1.0074938325612868     
  0.88519646516203476     
  0.55945290013912075     
  0.68029070328210040     
  0.86509419974166024     
  0.95443478093361911     
  0.71085911745726005     
  0.46693704015461718     
   1.5091074184320066     
  0.57374986116222870     
   1.5905697818163114     
   1.3068307033739230     
  0.90924428993355388     
  0.88894207556301263     
  0.79931118369315834     
  0.57478300430464913     
  0.11519616592923149     
  0.10000000000000001     
  0.10000000000000001     
  0.10000000000000001     
  0.10000000000000001     
  0.10000000000000001     
  0.10000000000000001     
  0.10000000000000001     
  0.10000000000000001     
  0.10000000000000001     
  0.10000000000000001     
  0.18732116250991471     
  0.86062072888595953     
  0.69727294587058708     
  0.75131150488023335     
  0.57161239105848949     
  0.60424930383429321     
  0.35433565329269273     
  0.59916985317519700     
  0.49399747782476383     
  0.74546441166726396     
  0.79041779175134030     
  0.45454060672753371     
  0.68740539357309127     
  0.57679957892165190     
  0.86230963909012459     
  0.70538436087811518     
  0.53413638364953719     
  0.91609589801838076     
  0.50917613860369093     
  0.85205212622080984     
  0.51289293922495238     
  0.89754147634074255     
  0.51992031658792914     
  0.76200094733713597     
  0.83423308276663954     
   2.5000000000000000     
   1.2891645683103934     
   1.0719990976833551     
   1.1201574376303249     
  0.64850967180653740     
   1.4375139522461942     
  0.76582451258097561     
   2.2379198529339686     
  0.10000000000000001     
   2.5000000000000000     
  0.10000000000000001     
  0.10000000000000001     
   1.0246402787757365     
   1.1115920017491434     
   1.0547100759155519     
  0.82202396676643019     
  0.85318337525513510     
   1.6092283198960864     
   1.7309950601806103     
   1.5570461470442354     
  0.10000000000000001     
  0.10000000000000001     
  0.10000000000000001     
  0.10000000000000001     
  0.79274149916644376     
   1.9533004013335582     
   2.1725460008144277     
  0.52078498376184879     
  0.10000000000000001     
  0.68173277047690828     
  0.10000000000000001     
  0.10000000000000001     
  0.76616126056528011     
  0.72734877999142578     
  0.74511481896902376     
  0.19959089941275637     
  0.10000000000000001     
  0.10000000000000001     
  0.38501289818649487     
  0.10000000000000001     
  0.49484155732628909     
  0.76329428957014400     
  0.57041026211798451     
  0.74605475382298847     
  0.10000000000000001     
  0.10000000000000001     
  0.10000000000000001     
  0.10000000000000001     
