65.116073000000000
55.923241999999995
54.597013000000004
63.074951999999996
54.718265000000002
50.094059000000001
49.276805000000003
46.226912999999996
41.487571000000003
36.887041999999994
44.792256000000002
44.975113000000000
36.488205000000001
33.387591999999998
42.998598000000001
35.369705000000003
29.315736000000001
30.742867000000000
29.199473000000001
31.156886999999998
28.474164999999999
28.956614999999999
32.313566000000002
27.893912000000000
26.953802000000000
25.419646000000000
23.640215000000001
19.263591000000002
25.565649999999998
26.006909000000000
24.850838000000000
26.724474999999998
23.250759000000002
25.913637000000001
29.430168999999999
26.882339000000002
