7.3114530000000002
4.3633129999999998
12.094762999999999
4.0366339999999994
11.058475999999999
4.7092609999999997
5.8465710000000009
3.5524969999999998
11.011316999999998
3.3542059999999996
7.4609819999999996
4.0579320000000001
3.9519090000000001
9.1583649999999999
2.8735140000000001
7.0044629999999994
3.6719289999999996
2.4806509999999999
6.4930409999999998
4.8496370000000004
2.3206540000000002
5.9165479999999997
3.6699489999999999
2.0257589999999999
5.0057380000000000
4.2097669999999994
1.8370180000000000
3.2736350000000001
5.4446320000000004
1.8811289999999996
1.6178799999999998
2.0463519999999997
5.0412999999999997
4.1427319999999996
1.5197579999999999
2.5460129999999999
