17.082455000000000
19.263086999999999
16.499026000000001
21.419788999999998
21.051909999999999
17.651600999999999
18.956935000000001
9.8895730000000004
14.558710999999999
15.478436000000002
7.8787040000000008
14.888623000000001
15.157723000000001
7.2739120000000002
17.652243000000002
6.5727930000000008
21.550825000000000
6.6468570000000007
15.062417999999999
6.1812980000000000
16.017093999999997
6.0836910000000000
14.500938000000001
6.0393030000000003
13.271701000000000
6.4102499999999996
13.417085999999999
5.7860969999999998
15.159727999999999
5.8869059999999998
14.083417000000001
5.8442040000000004
14.139775999999999
5.9451079999999994
13.800327000000001
6.4182739999999994
