3.4201000000000037E-002
3.9019999999999944E-002
7.1536999999999962E-002
0.10835900000000009
6.7733000000000043E-002
2.6857000000000020E-002
2.3947000000000052E-002
2.4533999999999945E-002
2.4355000000000016E-002
2.5579000000000018E-002
3.0218999999999996E-002
3.8335999999999926E-002
7.0200999999999958E-002
0.10096099999999986
4.6143000000000045E-002
2.3930999999999925E-002
2.4116999999999944E-002
2.4226999999999999E-002
2.3116999999999943E-002
2.4295000000000067E-002
2.4090000000000056E-002
2.2796999999999956E-002
2.3897999999999975E-002
2.5691999999999937E-002
3.0352999999999963E-002
3.0341999999999980E-002
3.0586999999999920E-002
2.9962999999999962E-002
5.0964000000000009E-002
0.13053299999999979
0.15117599999999953
7.1806000000000036E-002
2.7800999999999965E-002
2.4550000000000072E-002
2.4144000000000054E-002
2.5802999999999909E-002
