5.3448060000000002
13.135289000000000
4.6723300000000005
11.623980999999999
5.8927359999999993
8.8399059999999992
4.7135949999999998
11.038052999999998
5.1245499999999993
9.7713239999999999
3.9998799999999997
12.627368000000001
3.7727389999999996
10.792135000000002
3.7774410000000000
8.7984140000000011
3.6477450000000005
10.305557000000000
3.5520609999999997
8.7596930000000004
3.4532330000000004
6.1146349999999998
3.2092230000000002
10.418835000000000
2.7776240000000003
2.6825369999999999
11.387506999999999
2.5167490000000003
8.4207520000000002
2.3756889999999999
2.4263539999999999
6.4246629999999998
2.9333719999999999
2.1280709999999998
2.6821760000000001
6.5555469999999998
