3.3158479999999999
2.6161130000000004
5.8792150000000003
3.7712539999999999
2.2011240000000001
2.1727170000000000
8.5466709999999999
3.5827950000000000
1.9174829999999998
2.7375729999999998
9.4494539999999994
2.0253470000000000
1.7335080000000000
1.7123370000000002
9.8230129999999996
2.9166480000000004
1.6125510000000003
2.4260579999999998
11.267879000000001
1.7545899999999999
1.7372459999999998
1.5963760000000000
1.7173909999999997
12.514982000000000
1.9115370000000000
1.7759220000000000
1.7035629999999999
4.5050430000000006
9.1008709999999997
2.0905809999999998
1.8268049999999998
1.8777670000000000
12.537336000000000
1.8937450000000000
2.0338940000000001
2.1407639999999999
