10.435841000000000
3.4566990000000004
4.1276019999999995
8.7685230000000001
2.8469359999999999
7.2176879999999999
2.6449329999999995
3.5252359999999996
7.2291340000000002
2.4165790000000005
5.8648080000000000
2.4162460000000001
2.2392900000000000
5.9309139999999996
3.1708280000000002
1.8296069999999998
3.9720690000000003
4.8063600000000006
1.7325590000000002
2.3051699999999999
6.4333410000000004
1.7147979999999996
1.5220670000000003
1.8824720000000004
4.6103120000000004
3.6567439999999998
1.4221240000000002
2.5249909999999995
3.7149009999999998
1.3018449999999999
2.0383360000000001
3.9451330000000002
1.4735779999999998
1.2195519999999997
1.1912070000000003
2.8570970000000004
