5.9091000000000005E-002
7.1775000000000033E-002
5.7678000000000007E-002
0.11731099999999994
0.21634799999999998
6.6640000000000144E-002
5.7107999999999937E-002
5.3957000000000033E-002
4.9528000000000016E-002
5.1462000000000008E-002
5.1479000000000052E-002
4.9914000000000014E-002
5.5485000000000007E-002
7.4963000000000002E-002
0.37064800000000009
0.33038999999999952
4.7862999999999989E-002
4.8660000000000037E-002
4.9215999999999926E-002
4.9166000000000043E-002
5.0774999999999904E-002
4.9825000000000008E-002
8.4471000000000074E-002
0.34571700000000005
0.14989200000000036
5.6930000000000036E-002
5.1659000000000010E-002
5.7068000000000008E-002
5.1099000000000006E-002
5.6724999999999914E-002
0.18011699999999986
0.17328700000000019
5.0535000000000108E-002
5.1572999999999980E-002
4.7947999999999991E-002
4.9238000000000004E-002
