9.3619999999999814E-003
9.3309999999999782E-003
9.6840000000000259E-003
9.3370000000000397E-003
9.2200000000000060E-003
9.1430000000000122E-003
8.3459999999999646E-003
9.1579999999999995E-003
9.0610000000000968E-003
9.2959999999999710E-003
9.1769999999999907E-003
9.1459999999999875E-003
9.1350000000000042E-003
9.1179999999999595E-003
9.1910000000000602E-003
9.2389999999999972E-003
9.8589999999999511E-003
1.1730999999999936E-002
1.1399999999999966E-002
1.1912000000000034E-002
1.1547000000000085E-002
1.1510000000000020E-002
1.1592000000000047E-002
1.1572999999999944E-002
1.1414000000000035E-002
1.1309999999999931E-002
1.1654000000000053E-002
1.1383999999999950E-002
1.1751999999999985E-002
1.1880000000000002E-002
1.1460000000000026E-002
1.1504000000000070E-002
1.1369000000000073E-002
1.1761000000000021E-002
1.1735999999999969E-002
1.1863000000000068E-002
