57.895733000000000
42.964469000000001
43.826732000000000
39.560209000000000
38.664935999999997
42.886538000000002
35.022931000000000
37.377334000000005
30.481460000000002
34.214587000000002
26.392249000000000
26.868333000000000
28.675499000000002
28.140225000000001
25.688385000000000
30.580548000000000
25.358968000000001
39.022725000000001
25.531929999999999
25.872009000000002
25.268068000000000
19.561660000000000
24.632642000000004
22.375653999999997
21.254546999999999
22.810611999999999
24.785359000000000
23.936547000000001
24.680958000000000
23.406227999999999
23.171597999999999
21.582703000000002
22.347538000000000
20.624656999999999
21.487021000000002
22.215861000000000
