1.4283520000000003
9.0885489999999987
1.4569240000000003
1.2812990000000000
1.1910999999999996
1.7953749999999999
8.2229939999999999
1.4113300000000000
1.0557500000000002
1.0342609999999999
1.0897520000000001
2.9314510000000000
3.5739359999999998
1.0533750000000002
0.94493200000000011
1.1641050000000002
2.8137379999999999
3.3797109999999999
1.0758350000000003
0.84277599999999997
0.81827899999999998
1.2759090000000004
4.3562370000000001
2.6417320000000002
0.92271099999999984
0.80925600000000009
2.0197820000000002
2.0205839999999995
0.78935500000000014
0.76060499999999986
1.5409170000000001
2.9481000000000002
1.4202659999999998
0.78583800000000004
0.77197000000000016
1.5622980000000000
