37.523629000000000
37.242475999999996
39.220883000000001
32.209398000000000
31.323129999999999
41.159397999999996
33.414535000000001
30.860685999999998
37.891410000000000
29.985588000000000
33.573763000000000
28.020120000000002
28.890291999999999
28.850538999999998
24.157944999999998
21.743527999999998
22.642500999999999
23.410122999999999
25.084660000000003
25.199880999999998
27.918936000000002
23.631160999999999
13.918101000000000
31.938564999999997
15.983696000000000
15.362812000000000
16.274073999999999
17.927166999999997
19.853484999999999
22.212709000000000
22.560645000000001
22.033833999999999
24.840505000000000
21.627704999999999
22.513192000000000
23.242747000000001
