17.963654999999999
16.247363000000000
7.1899920000000002
18.784526000000000
9.2360189999999989
7.1668520000000004
11.211169999999999
6.6671209999999999
12.202937000000000
5.9862020000000005
9.5071549999999991
7.4818499999999997
6.4922889999999995
10.264324000000000
4.6675140000000006
11.872208000000001
4.4900149999999996
8.3604000000000003
7.3354369999999998
4.1412709999999997
10.140791000000000
8.1918089999999992
4.0449640000000002
6.5801949999999998
11.652829000000001
4.1008540000000000
10.117952000000001
4.8108520000000006
14.569699999999999
4.6551060000000000
4.5919810000000005
19.455393999999998
4.6141110000000003
14.827310000000001
4.3860080000000004
5.2241879999999998
