9.7087590000000006
3.8867069999999995
6.6771419999999999
5.0788070000000012
3.2422229999999996
16.595848000000000
3.0805190000000002
6.8980529999999991
5.4647059999999996
2.8769630000000004
13.011985000000001
3.0465600000000004
2.9445700000000001
7.3903210000000001
2.7536929999999997
2.1885379999999999
5.1085890000000003
6.8606180000000005
2.0805829999999998
1.9699339999999999
5.2505239999999995
7.1264149999999997
1.7820710000000002
1.9990870000000001
4.9366750000000001
3.3843719999999999
1.5514759999999999
2.2887550000000001
5.3483689999999999
1.9072520000000002
1.3965909999999999
2.1984850000000002
4.3502220000000005
2.1180329999999996
1.2796969999999999
1.7357119999999999
