0.65527899999999994
0.59726899999999994
0.53600199999999998
0.52957799999999988
0.54552599999999996
0.60441099999999992
0.75338400000000005
4.7308389999999996
0.84793999999999947
0.49321499999999996
0.52255299999999993
0.51801099999999989
1.2021619999999995
1.5399560000000001
0.43555599999999994
0.44019200000000003
0.45343999999999984
0.40021100000000009
0.43132000000000004
1.0673609999999998
1.5535950000000001
1.5437070000000004
0.41144000000000003
0.37846799999999992
0.38702299999999989
0.37487399999999993
0.50797400000000004
2.7481019999999994
2.4595850000000001
0.43067799999999989
0.38970799999999983
0.57312600000000014
0.42400499999999997
0.41178100000000006
2.8307180000000001
0.62998099999999990
