0.23161600000000004
0.22340599999999999
0.27926400000000007
0.21952199999999988
0.80251900000000020
0.38353799999999971
0.17898700000000001
0.17986800000000003
0.18097800000000008
0.17959400000000003
0.17707800000000007
0.17890300000000003
0.23586500000000010
0.45405000000000006
0.92583700000000047
0.21027499999999999
0.19352000000000003
0.17764200000000008
0.18663400000000008
0.17491000000000001
0.20681000000000005
0.29551200000000000
0.74781100000000045
0.22377000000000002
0.18784000000000001
0.16809099999999999
0.21761999999999992
0.38054699999999997
0.43542699999999979
0.25530499999999989
0.17001199999999994
0.16812000000000005
0.16814600000000002
0.17002599999999990
0.18426399999999998
0.21383800000000008
