0.43394800000000000
0.41967000000000010
0.62720200000000015
3.8283409999999991
0.45091400000000004
0.36847399999999997
0.48587500000000006
0.37346700000000010
0.65943200000000002
3.1449819999999997
0.45930500000000007
0.35463900000000004
0.33040000000000014
0.36911399999999994
1.1316320000000002
1.6507830000000006
0.34810699999999994
0.30624699999999994
0.32259500000000008
0.30848100000000012
0.29470400000000008
0.31651399999999996
0.75202199999999997
2.9707190000000008
0.37180499999999994
0.30277699999999985
0.39241099999999984
0.29711100000000001
0.30392999999999992
0.32368500000000000
0.33026400000000000
0.43064099999999983
3.0029349999999999
0.47095200000000004
0.39955399999999996
0.34241999999999995
