6.8011830000000018
10.669516000000000
5.1827289999999993
13.933256000000000
7.3524169999999991
6.1849220000000003
10.258754999999999
5.1573100000000007
14.044400000000000
6.5214980000000002
5.9327749999999995
13.932501000000002
5.0192900000000007
9.3555120000000009
5.9596219999999995
7.6712130000000016
11.060507000000001
4.5541510000000001
12.715934000000001
6.5125169999999999
4.6566839999999994
7.1804949999999996
6.4658910000000009
7.7788160000000008
4.8060989999999997
7.8888829999999999
4.6486129999999992
7.3359690000000004
4.6682240000000004
5.4358519999999997
8.0630829999999989
3.1660480000000000
8.9857750000000003
3.6287340000000006
3.8813499999999999
8.8456410000000005
