2.6388999999999996E-002
2.6136999999999966E-002
2.5878999999999985E-002
2.5330999999999992E-002
2.5688999999999962E-002
2.5467999999999935E-002
2.5101000000000040E-002
4.5026999999999928E-002
7.5572999999999890E-002
7.6618999999999993E-002
4.7588999999999659E-002
2.1286000000000027E-002
2.0530999999999966E-002
2.0016999999999951E-002
2.0268000000000064E-002
2.1800999999999959E-002
2.5606000000000018E-002
2.6561999999999975E-002
5.1019000000000148E-002
7.5639999999999930E-002
4.8128999999999866E-002
2.1145999999999998E-002
2.0094999999999974E-002
2.0252000000000048E-002
2.0236000000000032E-002
2.1059000000000050E-002
2.5320000000000009E-002
3.0884000000000023E-002
5.8505999999999947E-002
0.19141099999999955
2.4696999999999969E-002
2.0403999999999978E-002
2.0202000000000053E-002
1.8747000000000069E-002
2.0143999999999940E-002
2.1198999999999968E-002
