-0.00723492
-0.00723311
-0.00723134
-0.00722961
-0.00722791
-0.00722627
-0.00722468
-0.00722314
-0.00722165
-0.00722023
-0.00721887
-0.00721756
-0.00721632
-0.00721515
-0.00721403
-0.00721298
-0.00721199
-0.00721106
-0.00721018
-0.00720936
-0.00720859
-0.00720787
-0.00720720
-0.00720657
-0.00720597
-0.00720541
-0.00720487
-0.00720436
-0.00720386
-0.00720338
-0.00720290
-0.00720243
-0.00720195
-0.00720147
-0.00720097
-0.00720045
-0.00719991
-0.00719934
-0.00719873
-0.00719809
-0.00719740
-0.00719668
-0.00719590
-0.00719507
-0.00719419
-0.00719325
-0.00719225
-0.00719120
-0.00719009
-0.00718891
-0.00718768
-0.00718640
-0.00718505
-0.00718366
-0.00718221
-0.00718071
-0.00717917
-0.00717758
-0.00717596
-0.00717431
-0.00717263
-0.00717093
-0.00716921
-0.00716748
-0.00716575
-0.00716402
-0.00716230
-0.00716060
-0.00715892
-0.00715727
-0.00715566
-0.00715409
-0.00715258
-0.00715112
-0.00714973
-0.00714841
-0.00714717
-0.00714601
-0.00714495
-0.00714398
-0.00714311
-0.00714235
-0.00714170
-0.00714117
-0.00714076
-0.00714048
-0.00714032
-0.00714030
-0.00714041
-0.00714065
-0.00714103
-0.00714155
-0.00714221
-0.00714302
-0.00714396
-0.00714504
-0.00714626
-0.00714761
-0.00714910
-0.00715073
-0.00715248
-0.00715436
-0.00715637
-0.00715850
-0.00716074
-0.00716309
-0.00716555
-0.00716811
-0.00717077
-0.00717351
-0.00717634
-0.00717924
-0.00718221
-0.00718525
-0.00718834
-0.00719148
-0.00719466
-0.00719787
-0.00720110
-0.00720435
-0.00720761
-0.00721086
-0.00721411
-0.00721734
-0.00722055
-0.00722372
-0.00722685
-0.00722994
-0.00723296
-0.00723592
-0.00723880
-0.00724161
-0.00724433
-0.00724695
-0.00724947
-0.00725189
-0.00725419
-0.00725638
-0.00725844
-0.00726037
-0.00726218
-0.00726384
-0.00726537
-0.00726675
-0.00726799
-0.00726908
-0.00727003
-0.00727082
-0.00727147
-0.00727197
-0.00727232
-0.00727252
-0.00727258
-0.00727250
-0.00727227
-0.00727191
-0.00727142
-0.00727080
-0.00727005
-0.00726918
-0.00726820
-0.00726711
-0.00726592
-0.00726463
-0.00726326
-0.00726180
-0.00726026
-0.00725866
-0.00725700
-0.00725528
-0.00725351
-0.00725171
-0.00724988
-0.00724802
-0.00724614
-0.00724426
-0.00724237
-0.00724048
-0.00723861
-0.00723675
-0.00723492
