-0.00723492
-0.00721743
-0.00719635
-0.00717192
-0.00714445
-0.00711427
-0.00708174
-0.00704726
-0.00701124
-0.00697410
-0.00693625
-0.00689813
-0.00686016
-0.00682274
-0.00678627
-0.00675112
-0.00671765
-0.00668620
-0.00665708
-0.00663057
-0.00660695
-0.00658645
-0.00656927
-0.00655559
-0.00654558
-0.00653937
-0.00653704
-0.00653867
-0.00654431
-0.00655397
-0.00656763
-0.00658525
-0.00660676
-0.00663204
-0.00666095
-0.00669331
-0.00672893
-0.00676755
-0.00680890
-0.00685268
-0.00689853
-0.00694609
-0.00699494
-0.00704466
-0.00709479
-0.00714485
-0.00719434
-0.00724276
-0.00728960
-0.00733434
-0.00737648
-0.00741553
-0.00745103
-0.00748254
-0.00750965
-0.00753202
-0.00754934
-0.00756137
-0.00756794
-0.00756895
-0.00756438
-0.00755428
-0.00753879
-0.00751814
-0.00749261
-0.00746257
-0.00742845
-0.00739071
-0.00734989
-0.00730655
-0.00726126
-0.00721464
-0.00716729
-0.00711982
-0.00707282
-0.00702688
-0.00698256
-0.00694037
-0.00690081
-0.00686433
-0.00683133
-0.00680218
-0.00677718
-0.00675662
-0.00674070
-0.00672960
-0.00672345
-0.00672233
-0.00672626
-0.00673524
-0.00674920
-0.00676804
-0.00679159
-0.00681967
-0.00685204
-0.00688839
-0.00692840
-0.00697169
-0.00701785
-0.00706641
-0.00711687
-0.00716872
-0.00722138
-0.00727428
-0.00732680
-0.00737833
-0.00742825
-0.00747592
-0.00752074
-0.00756210
-0.00759945
-0.00763225
-0.00766003
-0.00768238
-0.00769896
-0.00770950
-0.00771382
-0.00771183
-0.00770354
-0.00768904
-0.00766851
-0.00764220
-0.00761046
-0.00757368
-0.00753235
-0.00748697
-0.00743814
-0.00738646
-0.00733257
-0.00727711
-0.00722074
-0.00716411
-0.00710783
-0.00705250
-0.00699868
-0.00694688
-0.00689757
-0.00685116
-0.00680802
-0.00676846
-0.00673276
-0.00670112
-0.00667372
-0.00665068
-0.00663208
-0.00661797
-0.00660834
-0.00660317
-0.00660237
-0.00660584
-0.00661344
-0.00662500
-0.00664032
-0.00665917
-0.00668129
-0.00670639
-0.00673418
-0.00676430
-0.00679642
-0.00683015
-0.00686510
-0.00690088
-0.00693707
-0.00697324
-0.00700898
-0.00704386
-0.00707747
-0.00710938
-0.00713923
-0.00716663
-0.00719125
-0.00721276
-0.00723089
-0.00724539
-0.00725608
-0.00726279
-0.00726542
-0.00726392
-0.00725830
-0.00724859
-0.00723492
