-0.05909197
-0.05907795
-0.05906114
-0.05904174
-0.05901998
-0.05899611
-0.05897041
-0.05894317
-0.05891472
-0.05888535
-0.05885542
-0.05882525
-0.05879516
-0.05876548
-0.05873652
-0.05870859
-0.05868196
-0.05865691
-0.05863369
-0.05861253
-0.05859366
-0.05857727
-0.05856355
-0.05855265
-0.05854472
-0.05853987
-0.05853819
-0.05853975
-0.05854456
-0.05855265
-0.05856397
-0.05857847
-0.05859609
-0.05861672
-0.05864025
-0.05866652
-0.05869536
-0.05872657
-0.05875989
-0.05879506
-0.05883178
-0.05886973
-0.05890856
-0.05894790
-0.05898739
-0.05902665
-0.05906529
-0.05910290
-0.05913909
-0.05917347
-0.05920566
-0.05923531
-0.05926208
-0.05928565
-0.05930574
-0.05932211
-0.05933456
-0.05934294
-0.05934713
-0.05934709
-0.05934282
-0.05933438
-0.05932189
-0.05930553
-0.05928552
-0.05926213
-0.05923567
-0.05920651
-0.05917502
-0.05914161
-0.05910674
-0.05907084
-0.05903437
-0.05899779
-0.05896154
-0.05892608
-0.05889182
-0.05885918
-0.05882854
-0.05880027
-0.05877468
-0.05875207
-0.05873271
-0.05871683
-0.05870460
-0.05869617
-0.05869166
-0.05869113
-0.05869463
-0.05870213
-0.05871361
-0.05872897
-0.05874807
-0.05877072
-0.05879671
-0.05882578
-0.05885765
-0.05889199
-0.05892844
-0.05896664
-0.05900619
-0.05904664
-0.05908755
-0.05912845
-0.05916887
-0.05920831
-0.05924631
-0.05928240
-0.05931613
-0.05934705
-0.05937477
-0.05939891
-0.05941916
-0.05943523
-0.05944690
-0.05945399
-0.05945639
-0.05945406
-0.05944699
-0.05943530
-0.05941907
-0.05939852
-0.05937390
-0.05934552
-0.05931370
-0.05927886
-0.05924140
-0.05920177
-0.05916043
-0.05911787
-0.05907455
-0.05903096
-0.05898757
-0.05894480
-0.05890310
-0.05886284
-0.05882441
-0.05878814
-0.05875434
-0.05872326
-0.05869514
-0.05867017
-0.05864849
-0.05863024
-0.05861550
-0.05860433
-0.05859674
-0.05859274
-0.05859225
-0.05859522
-0.05860150
-0.05861097
-0.05862344
-0.05863873
-0.05865664
-0.05867691
-0.05869930
-0.05872355
-0.05874936
-0.05877643
-0.05880442
-0.05883301
-0.05886184
-0.05889060
-0.05891892
-0.05894647
-0.05897293
-0.05899797
-0.05902128
-0.05904259
-0.05906164
-0.05907819
-0.05909205
-0.05910302
-0.05911098
-0.05911581
-0.05911744
-0.05911584
-0.05911102
-0.05910303
-0.05909197
