-0.05909197
-0.05909083
-0.05908972
-0.05908864
-0.05908760
-0.05908658
-0.05908561
-0.05908467
-0.05908378
-0.05908292
-0.05908211
-0.05908134
-0.05908062
-0.05907994
-0.05907930
-0.05907871
-0.05907816
-0.05907765
-0.05907718
-0.05907675
-0.05907635
-0.05907599
-0.05907566
-0.05907535
-0.05907507
-0.05907481
-0.05907456
-0.05907433
-0.05907411
-0.05907389
-0.05907367
-0.05907345
-0.05907323
-0.05907299
-0.05907274
-0.05907247
-0.05907217
-0.05907185
-0.05907150
-0.05907112
-0.05907070
-0.05907024
-0.05906974
-0.05906919
-0.05906860
-0.05906795
-0.05906726
-0.05906652
-0.05906573
-0.05906489
-0.05906400
-0.05906305
-0.05906206
-0.05906102
-0.05905994
-0.05905881
-0.05905764
-0.05905643
-0.05905519
-0.05905392
-0.05905262
-0.05905130
-0.05904996
-0.05904861
-0.05904725
-0.05904588
-0.05904452
-0.05904317
-0.05904183
-0.05904051
-0.05903921
-0.05903794
-0.05903671
-0.05903552
-0.05903437
-0.05903328
-0.05903224
-0.05903127
-0.05903037
-0.05902953
-0.05902877
-0.05902810
-0.05902750
-0.05902700
-0.05902659
-0.05902627
-0.05902605
-0.05902593
-0.05902591
-0.05902599
-0.05902618
-0.05902648
-0.05902688
-0.05902738
-0.05902800
-0.05902872
-0.05902954
-0.05903047
-0.05903150
-0.05903263
-0.05903386
-0.05903519
-0.05903660
-0.05903811
-0.05903970
-0.05904137
-0.05904311
-0.05904493
-0.05904682
-0.05904877
-0.05905078
-0.05905284
-0.05905495
-0.05905710
-0.05905929
-0.05906151
-0.05906375
-0.05906601
-0.05906829
-0.05907057
-0.05907285
-0.05907512
-0.05907739
-0.05907963
-0.05908186
-0.05908405
-0.05908621
-0.05908833
-0.05909040
-0.05909242
-0.05909438
-0.05909629
-0.05909813
-0.05909990
-0.05910159
-0.05910321
-0.05910474
-0.05910619
-0.05910756
-0.05910883
-0.05911001
-0.05911109
-0.05911208
-0.05911297
-0.05911377
-0.05911446
-0.05911505
-0.05911554
-0.05911594
-0.05911623
-0.05911643
-0.05911653
-0.05911653
-0.05911644
-0.05911626
-0.05911600
-0.05911564
-0.05911521
-0.05911469
-0.05911410
-0.05911344
-0.05911271
-0.05911192
-0.05911107
-0.05911016
-0.05910920
-0.05910819
-0.05910715
-0.05910606
-0.05910495
-0.05910381
-0.05910265
-0.05910146
-0.05910027
-0.05909907
-0.05909787
-0.05909666
-0.05909547
-0.05909428
-0.05909311
-0.05909197
