10.247762710312504
10.247762710312504
10.247762710312500
10.243098195977256
10.195080761182902
10.079914791977743
9.9149172610353560
9.7276557790025784
9.5398453593593366
9.3653981847062813
9.2109358788756097
9.0783417269561397
8.9668132428674827
8.8741345206768756
8.7981424422440853
8.7369926626501027
8.6884066734476271
8.6502909438096580
8.6206800481163999
8.5978979339469372
8.5805101976982669
8.5672910590789613
8.5572292059892554
8.5495109955861732
8.5434888287950219
8.5386533332891013
8.5346115962054796
8.5310647882312836
8.5277901109974259
8.5246250512201271
8.5214540382123083
8.5181978110562682
8.5148047266101070
8.5112439110360665
8.5074999043107731
8.5035685184380121
