10.247762710312504
10.247762710297334
8.2577228916352148
8.1523052493687551
8.1523052493687551
8.1523052493687551
8.1658169291306351
7.9814366010369699
8.6867096400328574
5.3035024800411943
3.8399054241754245
3.8399054241754245
3.9105853402609236
5.7239121488992462
5.8650676841829936
6.5016997909728724
7.9254332309013478
8.1799335084220886
9.0452790819864788
9.5201171727697673
9.6231310598761350
9.5371069345806561
8.6724980294389020
8.4413149150158340
7.9676995542396414
7.7951749930027034
7.7889482744618208
7.8501889178288886
8.1153490730923288
8.2636355811895115
8.1984406123931013
8.1664588797905999
8.1664588797905999
8.1664588797905999
8.1664588797905999
