10.247762710312504
10.247762710312504
9.5794847888036987
8.1523052493687551
8.1523052493687551
8.1523052493687551
8.1523052493687551
6.9978769046306519
8.6867096400328574
8.6867096400328574
3.8399054241754245
3.8399054241754245
3.8399054241754245
5.4447189158880533
5.8650676841829936
5.8650676841829936
7.9254332309013478
7.9254332309013478
9.0375286070747816
9.0462198308301911
9.6231310389624234
9.6232682976147821
9.5366627658264047
8.4441620478139718
7.9676995542396414
7.9676995542396414
7.7889482744618208
7.7889482744618208
7.9049495783527579
8.2690800932197028
8.2152002078569275
8.1664588797905999
8.1664588797905999
8.1664588797905999
8.1664588797905999
8.1664588797905999
