11.012482547728290
11.012482547728290
11.012369677893833
11.001382090004947
10.949363701753867
10.848701203305682
10.711201237726023
10.553733516463588
10.390616083094713
10.231663427455207
10.082238601862986
9.9444625640498163
9.8182753981310746
9.7023946153473553
9.5962608342183255
9.4987991922193249
9.4086946358976373
9.3249443512383259
9.2465609300906983
9.1730695042045269
9.1040713423887230
9.0393160001495438
8.9786128121360278
8.9217755012538724
8.8686165920115378
8.8189841753171461
8.7727315529942764
8.7296905049143803
8.6896749385829875
8.6524931112785382
8.6179520845860651
8.5858569070504025
8.5560150265567216
8.5282396318944151
8.5023508444691878
8.4781789187676040
8.4555649953887748
8.4343612529591496
8.4144313369164738
8.3956503394368696
