10.247762710312504
10.247762710312504
9.5794847888036987
7.6218397550091765
7.6218397550091765
7.6218397550091765
7.6218397550091765
8.2313456847340891
8.1939692561194377
8.1939692561194377
8.1470285896710983
8.1470285896710983
8.1470285896710983
8.1943095195329381
8.1808923810470766
8.1808923810470766
8.1729372751081648
8.1729372751081648
8.1707984239871081
8.1697083131319719
8.1685213878938043
8.1677377898715520
8.1673316038061934
8.1672415288664553
8.1668693463293565
8.1668693463293565
8.1666074338832875
8.1666074338832875
8.1665688251072126
8.1664869565237233
8.1664645287047293
8.1664588797905981
8.1664588797905981
8.1664588797905981
8.1664588797905981
8.1664588797905981
