10.247762710312504
10.247762710312504
9.5794847888036987
8.1523052493687551
8.1523052493687551
8.1523052493687551
8.1523052493687551
6.9978769046306528
8.6867096400328556
8.6867096400328556
3.8399054241754258
3.8399054241754258
3.8399054241754258
5.4447189158880533
5.8650676841829981
5.8650676841829981
7.9254332309013442
7.9254332309013442
9.0375286070747780
9.0462198308301982
9.6231310389624198
9.6232682976147821
9.5366627658264100
8.4441620478139718
7.9676995542396440
7.9676995542396440
7.7889482744618208
7.7889482744618208
7.9049495783527615
8.2690800932196993
8.2152002078569204
8.1664588797905999
8.1664588797905999
8.1664588797905999
8.1664588797905999
8.1664588797905999
