10.247762710312504
10.247762710312504
9.5794847888036987
9.4861888451135989
9.4861888451135989
9.4861888451135989
9.4861888384312980
8.3416126128052799
8.7582232360920109
8.7582232360920109
4.6034513031785291
4.6034513031785291
4.6034513031785291
5.6202249498639265
5.9349625206509469
5.9349625206509469
7.9302911451042100
7.9302911451042100
9.0574887702831610
9.0504767390904544
9.6309545028672510
9.6309545028672510
9.5416222131705073
8.4460435558190987
7.9678547240484727
7.9678547240484727
7.7892980707080941
7.7892980707080941
7.9051522042199434
8.2691146059107012
8.2152333453610336
8.1664588726119955
8.1664588726119955
8.1664588726119955
8.1664588726119955
8.1664588726119955
