7.8525000000000067E-002
8.2479999999999998E-002
0.10371799999999998
0.71718599999999988
9.6915000000000084E-002
7.0259999999999989E-002
8.2501999999999964E-002
6.3919999999999977E-002
0.11087000000000002
0.38145800000000030
9.1641000000000084E-002
6.4485000000000015E-002
6.3348000000000071E-002
6.2639000000000000E-002
0.20220099999999985
0.40290499999999962
7.0500000000000007E-002
5.9699999999999975E-002
5.9498000000000051E-002
6.3324999999999965E-002
5.8738999999999986E-002
6.3331000000000026E-002
0.11857499999999999
0.55530200000000018
8.4756000000000054E-002
5.9379999999999988E-002
7.4361999999999928E-002
6.5149000000000012E-002
5.8557999999999999E-002
6.3142000000000031E-002
6.9581000000000004E-002
8.6474000000000051E-002
0.61290800000000001
9.3675999999999870E-002
8.0875000000000030E-002
6.9272999999999918E-002
