1.4412310000000002
1.0721300000000000
0.79230600000000007
0.79454300000000000
6.1610350000000000
0.74412899999999993
0.68894799999999989
1.9219330000000001
0.98438800000000026
0.63367200000000001
0.62677300000000002
1.7408240000000004
1.8766240000000003
0.58783599999999991
0.57653999999999994
1.4610959999999995
1.5158300000000002
0.55455799999999988
0.57728599999999997
1.4667990000000000
1.2992530000000002
0.52704299999999993
0.52041299999999990
1.4075760000000002
1.8469679999999999
0.52813900000000014
0.51114099999999996
0.96634000000000009
1.6144950000000000
0.60648900000000006
0.50626000000000004
0.50186500000000001
1.0763579999999999
1.6011759999999997
0.63398600000000005
0.50140300000000004
