2.4953919999999998
2.8572150000000001
6.2498610000000001
2.3421270000000005
2.5702240000000005
12.064561000000001
2.9090650000000000
2.3145100000000003
7.9941029999999991
4.4464279999999992
2.2631190000000001
12.454955999999999
2.7702260000000001
2.2719410000000000
9.8460979999999996
2.4214190000000002
4.1349350000000005
13.820093999999999
2.2797670000000001
4.3132300000000008
9.1638370000000009
2.2023220000000001
2.1494059999999999
4.6308109999999996
1.9914579999999997
6.1240820000000005
2.5715700000000004
1.9654479999999999
12.024680000000000
1.8368789999999997
2.5017889999999996
2.9193069999999999
1.7665089999999997
12.105396000000001
1.6490470000000002
7.7722099999999994
