4.6185340000000004
0.95031799999999989
1.7117030000000000
2.0732239999999997
0.85362600000000000
1.1613920000000000
2.5651930000000003
0.79149200000000008
1.4096499999999996
1.2799709999999997
0.70325599999999999
0.76244500000000015
2.0984350000000003
1.4618950000000002
0.64220699999999997
0.62566600000000006
1.5013870000000002
1.8955750000000000
0.57853699999999997
0.59414999999999996
1.7375309999999999
1.1501440000000001
0.54799299999999995
0.58384599999999998
1.5099879999999999
1.1379759999999999
0.52127099999999993
0.52670199999999989
1.3690419999999999
1.6218089999999998
0.51613600000000004
0.67560399999999987
1.4166790000000000
0.61126300000000000
0.49881399999999987
0.49680999999999997
