2.7290479999999997
10.517705000000001
2.8552000000000000
3.6349250000000000
2.3172880000000000
9.6173900000000003
2.1846679999999998
3.3538239999999999
4.5509050000000002
2.1849689999999997
10.022233000000000
1.9635799999999999
4.5015440000000009
2.5422600000000002
1.9406770000000000
4.6390379999999993
1.7624430000000000
5.0742440000000002
1.6501059999999999
3.1966770000000002
2.1008460000000002
2.2898310000000004
1.7999940000000001
3.3965040000000002
1.3862799999999997
3.3503870000000000
1.3090579999999998
1.6514260000000003
3.9189840000000000
1.1604680000000001
2.1067380000000000
2.5963969999999996
1.0185680000000001
2.6381150000000000
1.1540470000000000
0.91085000000000005
