8.6684999999999901E-002
3.7092000000000014E-002
5.6305000000000049E-002
3.4945999999999922E-002
3.6563000000000012E-002
0.21719400000000011
3.3132999999999968E-002
0.11197800000000013
3.1009000000000064E-002
3.1405000000000016E-002
0.12024899999999983
2.8719999999999968E-002
3.5972000000000004E-002
8.4457000000000004E-002
2.9403999999999986E-002
2.9148999999999980E-002
7.2500999999999927E-002
3.1750999999999974E-002
3.2896999999999954E-002
6.2694999999999945E-002
2.9645999999999950E-002
2.8093999999999952E-002
8.3742999999999901E-002
3.5687000000000024E-002
3.4459999999999935E-002
3.0988000000000016E-002
8.4562000000000026E-002
4.2058000000000151E-002
2.8160999999999992E-002
4.3382000000000032E-002
8.9962999999999793E-002
2.8509000000000007E-002
4.0847999999999995E-002
8.3426000000000000E-002
2.8655999999999904E-002
3.1688999999999967E-002
