3.8138999999999923E-002
3.4823000000000048E-002
3.3978999999999981E-002
3.6986999999999992E-002
6.2105999999999884E-002
0.32536499999999968
6.1697999999999809E-002
3.3370000000000011E-002
2.9266000000000014E-002
2.9112999999999944E-002
2.9063999999999979E-002
2.8781999999999974E-002
2.8521000000000019E-002
3.0733999999999928E-002
3.6005999999999982E-002
4.7058999999999962E-002
0.14325399999999977
0.16668199999999977
5.6894999999999918E-002
2.8954999999999953E-002
2.8637999999999941E-002
2.8622000000000036E-002
2.8864000000000001E-002
3.0163000000000051E-002
3.6325000000000052E-002
6.8575000000000053E-002
0.15277299999999983
5.5518000000000178E-002
3.4476999999999980E-002
3.6584999999999979E-002
3.5497999999999919E-002
3.1776000000000026E-002
5.5862999999999996E-002
0.29756899999999931
3.4614000000000145E-002
2.9143000000000030E-002
