0.40908299999999986
0.77993900000000016
0.50653500000000040
0.36655499999999985
0.33924100000000013
0.37633300000000003
1.3239869999999998
0.51098199999999983
0.30484199999999984
0.29848399999999986
0.29646200000000000
0.69726399999999988
1.9588960000000002
0.29429499999999986
0.29994000000000010
0.28023300000000007
0.71388400000000019
0.91523399999999988
0.33834299999999984
0.26874599999999993
0.25956199999999996
0.29860299999999995
0.93488500000000019
1.0198480000000001
0.29348099999999999
0.25736099999999995
0.41726999999999992
1.4705169999999996
0.25472499999999998
0.25309100000000007
0.40075399999999994
0.80131300000000039
0.64124500000000006
0.25487300000000002
0.25446800000000003
0.39041100000000006
