0.49452499999999988
0.18425300000000000
0.17773200000000000
0.47934300000000007
0.17127600000000009
0.16832800000000003
0.16539100000000007
0.16070299999999993
0.20530599999999999
0.34279000000000015
0.38990999999999998
0.41341000000000006
0.40607799999999994
0.40924800000000006
0.39849900000000016
0.34696299999999991
0.14193599999999995
0.16835899999999993
0.41385699999999992
0.41450499999999990
0.24770499999999995
0.14172399999999996
0.13518900000000000
0.14044600000000007
0.28774499999999992
0.43081799999999992
0.27354100000000003
0.13984099999999999
0.14003599999999994
0.41278499999999996
0.29222199999999998
0.17099600000000004
0.14010599999999995
0.41069500000000025
0.34153699999999976
0.17109099999999999
