1.4950000000000241E-003
1.4480000000000048E-003
1.4540000000000664E-003
1.4539999999999553E-003
1.0310000000000041E-002
4.7620000000003770E-003
1.1170000000000346E-003
1.0930000000000106E-003
1.1009999999999076E-003
1.5370000000000106E-003
1.1710000000000331E-003
1.1889999999999956E-003
1.7719999999999958E-003
3.2840000000000646E-003
1.2132999999999505E-002
1.4749999999998931E-003
1.3039999999999718E-003
1.2520000000000309E-003
1.0869999999999491E-003
1.2060000000000404E-003
1.4040000000000719E-003
1.8120000000000358E-003
1.0836999999999541E-002
1.6890000000002736E-003
1.2400000000000189E-003
1.1710000000000331E-003
1.4760000000000328E-003
2.6310000000000500E-003
4.0419999999998790E-003
1.9460000000000033E-003
1.1990000000000611E-003
1.0980000000000434E-003
1.1049999999999116E-003
1.1139999999999484E-003
1.2559999999999238E-003
1.5199999999999658E-003
