4.9780000000000380E-003
5.5069999999999286E-003
5.0440000000000484E-003
1.0024000000000033E-002
2.4887000000000548E-002
5.8239999999999403E-003
5.1329999999999432E-003
4.5760000000000245E-003
4.3339999999999490E-003
4.7589999999999577E-003
4.2900000000000160E-003
4.3179999999999330E-003
4.6469999999999567E-003
6.8860000000000587E-003
4.2431000000000552E-002
4.2294000000000054E-002
4.5870000000000077E-003
4.6849999999999392E-003
4.8030000000000017E-003
5.2600000000000424E-003
6.1930000000000041E-003
4.7609999999999042E-003
8.1970000000000098E-003
2.8035000000000032E-002
1.5573999999999977E-002
5.4080000000000794E-003
4.5319999999999805E-003
4.7310000000000407E-003
4.7030000000000127E-003
5.4790000000000116E-003
1.5670999999999768E-002
1.7369999999999663E-002
4.8340000000000050E-003
4.1780000000000150E-003
4.2059999999999320E-003
4.2650000000000743E-003
