1.7890619999999997
3.6102909999999997
1.3902570000000001
4.3884620000000005
1.2926950000000001
2.7899609999999999
1.3336050000000002
1.4361039999999998
3.5946050000000005
1.0807609999999999
2.3562599999999998
1.2941039999999999
1.1246470000000000
2.2229070000000002
1.9890440000000000
0.86104900000000006
1.1431690000000001
2.5630959999999998
0.84104500000000004
0.75882800000000006
1.3811360000000001
2.2579979999999997
0.70771600000000001
0.66294199999999992
1.5680310000000000
2.0621360000000002
0.61417600000000006
0.66256499999999985
2.3225309999999997
1.2463270000000000
0.57230000000000003
0.62370100000000006
1.5784830000000003
1.4182020000000000
0.53443299999999994
0.53791199999999995
