0.55048600000000003
1.4384310000000000
0.53140399999999988
0.67007500000000009
1.2608269999999997
0.55786500000000006
0.44374799999999992
1.2501020000000000
1.5722769999999999
0.40642699999999998
0.39466299999999999
0.80451699999999993
0.37779900000000000
1.1060859999999999
0.52560500000000010
0.58910500000000010
0.47176499999999999
3.2388620000000001
0.34645799999999993
0.37409200000000009
0.44556700000000005
3.2735080000000001
0.36789899999999998
0.40119699999999991
0.33887800000000001
0.35566100000000000
0.33065700000000009
0.33208799999999994
0.32634299999999994
0.32858300000000007
0.32655500000000004
0.32891399999999993
0.32730300000000001
0.32690400000000008
0.45265900000000014
0.34591700000000003
