0.19020799999999993
0.18553799999999998
0.19293899999999997
0.32461100000000009
0.99256400000000022
0.27496900000000002
0.16420899999999994
0.16184700000000007
0.17439199999999999
0.17093199999999997
0.24992600000000009
0.77221999999999991
0.42353700000000005
0.14683500000000005
0.14579200000000003
0.14209000000000005
0.14198400000000000
0.25717000000000012
1.0184610000000003
0.25096200000000035
0.14025700000000008
0.14027600000000007
0.14184799999999997
0.14367799999999997
0.40970799999999996
1.0773450000000002
0.14864299999999997
0.14835100000000001
0.55340000000000011
0.18957199999999985
0.14761099999999994
0.16653600000000002
0.16641099999999998
1.4395829999999998
0.17157499999999992
0.15094399999999997
