0.86022999999999983
3.3734249999999992
3.4251500000000004
1.3371119999999999
0.72431399999999990
0.72037399999999996
4.0730880000000003
0.66854599999999997
1.1974780000000000
2.3156040000000000
0.88845600000000002
0.81120999999999999
0.61602100000000004
3.0633549999999996
0.66726399999999986
0.59859100000000010
1.9021420000000000
0.57755599999999996
0.66369000000000000
5.5791200000000014
0.57176300000000013
0.53012199999999998
2.1741459999999999
0.57174799999999992
0.55428800000000000
0.51528200000000002
0.63012899999999994
0.73805699999999996
1.3389850000000001
0.54696800000000001
0.63887500000000008
0.53688000000000002
0.54263500000000009
0.50167799999999996
0.51801899999999990
0.53288999999999986
