2.4753999999999943E-002
2.4611000000000050E-002
2.9097999999999957E-002
6.4938000000000162E-002
0.14994800000000019
3.8370999999999711E-002
2.8644000000000003E-002
2.6991999999999905E-002
2.1386000000000016E-002
2.1726000000000023E-002
2.3882999999999988E-002
2.1341999999999972E-002
2.1661999999999959E-002
2.3136999999999963E-002
2.6884999999999937E-002
4.6220999999999957E-002
0.22138300000000033
3.6474999999999369E-002
2.5913999999999993E-002
2.3109999999999964E-002
2.3047999999999957E-002
2.1554000000000073E-002
2.2382000000000013E-002
2.2125999999999979E-002
2.9989000000000043E-002
2.8610000000000024E-002
0.20014600000000016
0.17016900000000046
2.3912999999999962E-002
2.1659999999999902E-002
2.1398000000000028E-002
2.1681000000000061E-002
2.1615999999999969E-002
2.1525000000000016E-002
2.6555999999999913E-002
3.8407999999999998E-002
