2.3632810000000002
6.8807850000000004
2.0277680000000000
6.3493820000000003
2.6155590000000002
2.0699640000000001
5.8918270000000001
1.8737070000000000
6.8226920000000000
1.7884410000000002
6.0256420000000004
1.7276540000000000
5.3525950000000000
1.6270920000000002
3.6444559999999999
1.7006400000000002
3.4085520000000002
1.5123850000000001
3.5334690000000002
1.5019500000000003
3.0748050000000000
1.3204260000000001
4.6334560000000007
1.2278549999999999
2.2574570000000000
1.1702239999999999
1.8421639999999999
1.5171349999999999
0.97331500000000004
1.5364629999999999
1.6372490000000002
0.87488199999999994
1.2887770000000001
1.0362030000000000
0.81704699999999997
2.0421269999999998
