2.8040000000000287E-003
5.8249999999997470E-003
7.4719999999999231E-003
1.3050000000000006E-003
1.1839999999999629E-003
1.2879999999999558E-003
1.1580000000001034E-003
1.2140000000000484E-003
1.1619999999999964E-003
1.2950000000000461E-003
1.2729999999999686E-003
1.6080000000000538E-003
3.0479999999999396E-003
1.0671000000000319E-002
1.6909999999998870E-003
1.1660000000000004E-003
1.1970000000000036E-003
1.1830000000000451E-003
1.2960000000000749E-003
1.2329999999999286E-003
1.5000000000000568E-003
1.5079999999999538E-003
3.5309999999999508E-003
1.0956000000000188E-002
1.5179999999999083E-003
1.3790000000000191E-003
1.4420000000000543E-003
1.3150000000000661E-003
1.3269999999999671E-003
1.2739999999999974E-003
1.3760000000000439E-003
2.5759999999999117E-003
1.0740999999999890E-002
3.0230000000006640E-003
1.2929999999999886E-003
1.2719999999999398E-003
