3.3414629999999996
1.9375149999999999
5.7771460000000001
1.8188700000000000
5.3761899999999994
1.7536429999999998
5.0820849999999993
1.6476010000000003
3.9197120000000001
1.8820440000000001
4.0539170000000002
1.4801859999999998
3.0935329999999999
2.2410089999999996
2.5694339999999998
1.3704310000000000
3.4646519999999996
1.2339490000000002
2.7983909999999996
1.3710469999999997
2.0809229999999999
1.3949000000000000
1.0107390000000001
2.9376470000000001
0.95623800000000014
1.2595890000000001
2.7483029999999999
0.82482500000000003
1.1722110000000001
2.5330789999999999
0.75113999999999992
0.93155800000000011
2.1413759999999997
0.92392999999999992
0.66916199999999992
1.2517039999999997
