2.5074310000000000
3.3433279999999996
1.1336390000000001
3.3929349999999996
1.1406540000000001
1.6597860000000002
1.3610190000000000
0.94290799999999997
2.6779769999999998
0.92892799999999998
1.4201200000000000
1.4030399999999998
0.79216200000000003
1.7333770000000002
2.2465419999999998
0.71735900000000008
0.97741900000000015
2.3409740000000001
0.68047500000000005
0.66201699999999997
1.8193340000000000
0.87699499999999997
0.60124699999999998
0.58420499999999986
1.5735419999999998
1.7984079999999998
0.57422100000000009
0.77186399999999999
1.5516179999999999
0.57076200000000010
0.66458200000000001
1.4483540000000001
0.78947500000000015
0.51501299999999994
0.51596099999999989
0.89043500000000009
