5.0160000000000204E-003
4.9029999999999907E-003
4.8240000000000505E-003
5.6550000000000766E-003
5.7650000000000201E-003
1.9522999999999957E-002
2.4790000000000312E-002
8.0070000000000974E-003
5.2510000000000057E-003
4.4110000000000538E-003
4.2290000000000383E-003
4.2269999999999808E-003
5.2029999999999577E-003
6.3330000000000330E-003
1.4490000000000114E-002
3.5209000000000046E-002
5.8359999999999523E-003
4.6260000000000190E-003
4.2210000000000303E-003
5.4719999999999214E-003
9.1259999999999675E-003
2.1646000000000054E-002
1.1092999999999797E-002
4.6670000000000877E-003
4.2879999999999585E-003
4.2689999999999673E-003
4.2980000000000240E-003
4.3079999999999785E-003
4.3170000000000153E-003
4.9829999999999597E-003
4.8300000000000010E-003
5.5840000000000334E-003
7.8909999999999814E-003
1.7352000000000034E-002
4.3239999999999945E-002
5.8149999999999036E-003
