2.3415999999999992E-002
2.2642000000000051E-002
3.0568000000000040E-002
0.21755600000000008
2.9113999999999862E-002
2.5683000000000011E-002
2.3260000000000058E-002
6.8525999999999865E-002
7.3739999999999917E-002
2.3456999999999950E-002
2.1514999999999951E-002
2.1355000000000013E-002
4.8881999999999870E-002
6.3057000000000141E-002
5.8763000000000343E-002
2.1216000000000013E-002
2.2683000000000009E-002
4.8524999999999929E-002
0.10901099999999975
2.2247000000000017E-002
2.1255000000000024E-002
2.1986000000000061E-002
4.4125000000000192E-002
8.3455999999999975E-002
4.2353000000000085E-002
2.1792000000000034E-002
2.1297000000000010E-002
2.1314000000000055E-002
3.4251000000000031E-002
8.8006000000000029E-002
3.8431000000000104E-002
2.2371999999999947E-002
2.3839999999999972E-002
2.6869000000000032E-002
5.2140000000000075E-002
6.3923999999999870E-002
