1.3599999999999168E-003
1.4499999999999513E-003
1.4970000000000816E-003
1.4340000000000463E-003
1.4560000000000128E-003
1.3379999999999503E-003
1.3930000000000886E-003
2.6780000000001802E-003
4.4989999999998087E-003
4.5950000000001268E-003
2.8080000000001437E-003
1.2909999999999311E-003
1.2240000000000029E-003
1.1670000000000291E-003
1.1649999999999716E-003
1.1669999999999181E-003
1.4429999999999721E-003
1.6450000000000076E-003
2.8799999999997716E-003
4.4520000000001225E-003
3.0220000000000802E-003
1.2530000000000596E-003
1.2350000000000971E-003
1.1070000000000801E-003
1.1459999999999804E-003
1.2090000000000156E-003
1.4489999999999226E-003
1.8559999999999688E-003
3.4639999999999116E-003
1.0559999999999903E-002
1.4730000000000576E-003
1.1550000000000171E-003
1.1039999999999939E-003
1.1140000000000594E-003
1.0970000000000146E-003
1.2149999999999661E-003
