6.5817629999999996
2.4859819999999999
2.3316740000000000
4.8760740000000000
1.8730629999999999
5.9324040000000000
1.8081599999999995
5.2111809999999998
1.7296050000000003
5.2092980000000004
1.6408830000000001
3.7823050000000000
1.8686700000000001
2.5300009999999999
1.9480300000000002
3.2115659999999999
1.3956240000000002
3.2269819999999996
1.4259580000000001
3.6448369999999999
1.3123489999999998
10.780877000000000
1.3563920000000003
1.2991730000000001
1.7110699999999999
1.0003990000000000
2.9822530000000000
1.0866780000000000
1.1644130000000001
1.3243469999999999
0.81988200000000011
2.0135779999999999
2.0404330000000002
0.94467999999999985
0.84081499999999998
3.2106380000000003
