2.2010000000000085E-003
1.0930000000000106E-003
1.3140000000000374E-003
1.1120000000000019E-003
1.2659999999999894E-003
1.3549999999999951E-003
1.0949999999999571E-003
1.2579999999999814E-003
1.0970000000000146E-003
1.2079999999999869E-003
1.1029999999999651E-003
1.1030000000000761E-003
1.0899999999999244E-003
1.0940000000000394E-003
1.0919999999999819E-003
1.0930000000000106E-003
1.1679999999999469E-003
1.4129999999999976E-003
1.3770000000000726E-003
1.4369999999999106E-003
1.4220000000000343E-003
1.5040000000000608E-003
1.4790000000000081E-003
1.4189999999999481E-003
1.4720000000000288E-003
1.5159999999999618E-003
1.4359999999999928E-003
1.3889999999999736E-003
1.4250000000000096E-003
1.4409999999999146E-003
1.4859999999999873E-003
1.4190000000000591E-003
1.4239999999999808E-003
1.4120000000000799E-003
1.4540000000000664E-003
1.4459999999999473E-003
