0.69193300000000002
0.59931000000000001
1.3773550000000001
1.5415219999999996
0.98789700000000025
0.35506300000000002
0.31797599999999993
0.93424799999999997
0.30891299999999999
0.68302900000000011
0.39145500000000011
0.28769899999999993
0.58691199999999988
0.83066200000000023
0.27374200000000004
0.30341299999999993
0.32489999999999997
0.29972799999999999
0.26416399999999995
0.27064099999999991
0.40696099999999991
0.98094799999999993
2.1942089999999994
0.38612399999999969
0.27854200000000007
0.37138099999999952
0.25385200000000008
0.25604499999999997
0.25184799999999996
0.25543900000000008
0.25309000000000004
0.25337500000000002
0.26156500000000005
0.26944299999999988
0.27498099999999992
0.27401400000000009
