0.91788500000000006
0.17835899999999993
0.18261200000000000
0.15584200000000004
0.12140600000000001
0.10863200000000006
9.7558999999999951E-002
9.5586999999999978E-002
0.28237799999999980
8.7694999999999967E-002
0.13950499999999999
0.16958800000000007
8.3327000000000040E-002
0.16235199999999983
0.11847500000000000
8.6693999999999938E-002
0.11693100000000001
8.6009999999999920E-002
0.29503999999999997
8.0860000000000043E-002
0.17528999999999995
9.2864999999999975E-002
0.13675700000000013
8.3778999999999937E-002
0.15270899999999987
8.0361000000000016E-002
0.20952999999999999
8.3061999999999969E-002
0.14673300000000011
9.3002000000000029E-002
0.12862800000000008
9.2619000000000007E-002
0.12986799999999998
9.4405000000000072E-002
0.13997500000000007
8.0297000000000063E-002
