6.4039999999999653E-003
8.3180000000000476E-003
4.4057999999999709E-002
4.3519999999999115E-003
4.2780000000000040E-003
4.2840000000000655E-003
4.2929999999999913E-003
4.6880000000000255E-003
1.0036999999999852E-002
2.1074000000000037E-002
8.2130000000000258E-003
4.2630000000000168E-003
4.4469999999999787E-003
4.2220000000000590E-003
4.1759999999999575E-003
4.2559999999999265E-003
4.7969999999999402E-003
5.3849999999999731E-003
1.0141000000000178E-002
2.4077999999999822E-002
1.0009000000000157E-002
4.2760000000000575E-003
4.4640000000000235E-003
4.7000000000000375E-003
7.7049999999999619E-003
3.3270000000000355E-002
7.9249999999997378E-003
4.2250000000000343E-003
5.0150000000001027E-003
4.2290000000000383E-003
4.2459999999999720E-003
4.5849999999999502E-003
1.0438999999999865E-002
1.6969000000000456E-002
4.2240000000000055E-003
4.2130000000000223E-003
