0.29640400000000011
0.86498500000000034
0.28652800000000012
0.85653100000000015
0.26985999999999999
0.75061199999999983
0.25768800000000003
0.25716600000000001
0.41109999999999991
0.26149099999999992
1.0139460000000002
0.26826099999999997
0.25349800000000000
0.25315200000000004
1.2286069999999998
0.30413800000000002
0.28993200000000008
0.22036700000000009
0.21780600000000006
0.22152999999999989
0.23300899999999991
0.27324999999999988
0.29557500000000003
1.1508470000000002
0.25676999999999994
0.69615399999999994
0.63117499999999982
0.51850399999999985
0.73484900000000009
0.61259400000000008
0.36345399999999994
0.55048299999999983
0.36033900000000008
0.41109100000000010
0.39086099999999990
0.33886700000000003
