1.1730000000000906E-003
1.1229999999999851E-003
1.2270000000000891E-003
1.0829999999999451E-003
1.1259999999999604E-003
1.0930000000000106E-003
1.1400000000000299E-003
1.1689999999999756E-003
1.1499999999999844E-003
1.1200000000000099E-003
1.1200000000000099E-003
1.2550000000000061E-003
1.0980000000000434E-003
1.2099999999999334E-003
1.2820000000000054E-003
1.3299999999999423E-003
1.2709999999999111E-003
1.3909999999999201E-003
1.5000000000000568E-003
1.5830000000000011E-003
1.4079999999999648E-003
1.4129999999999976E-003
1.4309999999999601E-003
1.9899999999999363E-003
1.4430000000000831E-003
1.8739999999999313E-003
1.7440000000000788E-003
1.4129999999999976E-003
1.4270000000000671E-003
1.5060000000000073E-003
1.4309999999999601E-003
1.4719999999999178E-003
1.4140000000000263E-003
1.4079999999999648E-003
1.4570000000000416E-003
1.4480000000000048E-003
