4.7219389999999999
1.3077470000000000
3.1208679999999998
1.3083689999999999
2.7719589999999998
1.1416040000000001
2.9335380000000000
1.0653319999999999
1.7241060000000004
2.4398459999999997
0.93838400000000011
1.3749000000000002
2.8136970000000003
0.83202899999999991
1.2299020000000001
2.5600140000000002
0.76199599999999990
1.0188669999999997
2.2713530000000000
0.80887600000000004
0.67304500000000000
1.5225360000000001
1.8350080000000002
0.63174500000000011
0.73673199999999994
1.7469730000000001
0.83825399999999983
0.57057700000000000
0.56523899999999994
1.3454459999999997
1.7532010000000000
0.62735900000000000
0.56939800000000007
1.4017119999999998
1.0423589999999998
0.52027799999999991
