0.12473700000000010
0.10769099999999998
0.11248000000000002
0.10059499999999999
0.10630100000000009
0.11845799999999995
0.13795899999999994
0.94383499999999998
0.23236599999999985
9.4917999999999947E-002
0.10132699999999994
8.8890999999999942E-002
0.21613099999999985
0.44206500000000037
8.6178000000000088E-002
8.7175999999999920E-002
8.7349999999999928E-002
8.2421999999999995E-002
8.0959000000000003E-002
0.17052599999999996
0.30555099999999991
0.37410999999999994
9.2680999999999902E-002
8.1995999999999958E-002
8.3496000000000015E-002
8.7677000000000005E-002
9.5212999999999992E-002
0.47792699999999977
0.47461600000000015
9.9858000000000002E-002
8.8764999999999983E-002
0.10526200000000008
8.7948000000000026E-002
8.8283999999999918E-002
0.26546899999999996
0.17626100000000022
