0.20741900000000002
8.0689000000000011E-002
6.7104999999999970E-002
0.20133599999999996
6.9890000000000008E-002
0.36525599999999958
6.4088999999999952E-002
0.20801300000000023
7.0923000000000069E-002
0.14670499999999986
5.9683999999999959E-002
0.19055599999999995
5.9453999999999896E-002
0.16346900000000009
5.9038000000000035E-002
0.11633099999999996
7.2883999999999949E-002
6.0374000000000039E-002
0.17386699999999999
5.7976000000000028E-002
8.3919999999999995E-002
0.20185800000000009
5.7779000000000025E-002
5.8007000000000031E-002
0.18486899999999995
5.8181000000000038E-002
8.6184999999999956E-002
0.13610799999999990
5.8427000000000007E-002
9.7582999999999975E-002
5.8643000000000001E-002
0.20776100000000008
6.5784000000000065E-002
0.10475699999999999
7.8825000000000145E-002
5.8293000000000039E-002
