2.9795389999999999
5.1029050000000007
2.1329840000000000
9.7384659999999990
2.0950530000000001
7.1075199999999992
1.9867230000000000
9.3128500000000010
2.0316160000000001
13.615220000000001
1.9095059999999999
2.2181039999999994
2.0110589999999999
2.5778629999999998
1.8308289999999998
2.4326750000000001
1.6859179999999996
1.6745490000000003
4.4329760000000000
1.4903390000000001
3.9616100000000003
1.4126359999999996
2.6311740000000001
1.5230399999999999
2.0494840000000001
1.3831520000000002
6.2891830000000004
1.1702920000000001
1.4629330000000003
3.7707370000000000
1.0818070000000000
1.0889240000000000
6.2233349999999996
0.91269900000000015
0.86872599999999989
2.7798969999999996
