7.3422000000000098E-002
3.2642000000000060E-002
5.9414999999999996E-002
0.14199699999999993
3.2945999999999920E-002
3.2150000000000012E-002
4.5101999999999975E-002
0.11419500000000005
3.0078999999999967E-002
2.6639999999999997E-002
0.10845300000000013
3.4308000000000005E-002
2.8341999999999978E-002
2.8491999999999962E-002
5.5985999999999869E-002
9.8030000000000062E-002
2.8293000000000013E-002
2.9247999999999941E-002
0.19824599999999970
3.9030000000000009E-002
2.8252000000000055E-002
2.8348999999999958E-002
3.1220000000000026E-002
0.10799200000000009
4.3215000000000003E-002
3.1850000000000045E-002
2.8847999999999985E-002
4.7229999999999994E-002
0.14746600000000010
3.4112000000000031E-002
3.2248999999999972E-002
2.9947999999999975E-002
6.1965000000000048E-002
3.6026000000000558E-002
3.2310999999999979E-002
3.6930000000000129E-002
