6.2711889999999997
2.3328950000000002
12.748137000000000
2.8381910000000001
2.2812090000000000
2.2786320000000000
5.5981709999999989
3.6443940000000001
2.1694529999999999
3.9416900000000004
3.0194529999999999
2.0602689999999999
2.8221780000000001
2.2740079999999998
2.7775410000000003
3.6466650000000000
1.8230339999999998
5.5963870000000000
1.7478099999999999
4.6584209999999997
1.6812250000000000
4.9521340000000009
1.5721940000000001
4.0136519999999996
1.5514200000000002
4.3227780000000005
1.4069380000000000
1.9795810000000000
4.1965230000000000
1.2657919999999998
4.8256709999999998
1.1760720000000000
1.6930049999999999
3.4207780000000003
1.0332550000000000
1.2900600000000004
