2.4101460000000001
6.7183980000000005
2.5424200000000003
2.6445819999999998
6.1869990000000001
2.2820269999999998
4.5866410000000002
4.5168010000000001
2.2442610000000003
7.2061039999999998
2.2723279999999999
3.5083180000000000
6.3692630000000001
2.3659889999999999
2.6969420000000000
6.1520679999999999
2.3326399999999996
2.6216330000000001
4.3384570000000000
1.9024630000000000
5.8837440000000001
1.8319520000000002
5.7149830000000001
1.7481439999999997
4.4987919999999999
1.7737069999999999
4.8844729999999998
1.5845560000000001
4.9063660000000002
1.4807099999999997
3.4534520000000004
1.6747419999999997
2.4153169999999999
1.3454999999999999
3.3799190000000001
1.2122940000000000
