2.3842230000000000
6.5939390000000007
4.9971389999999998
2.4965240000000000
7.7838130000000003
5.1039470000000007
2.4756580000000001
7.4224140000000007
2.5741920000000000
10.873232000000000
2.9641149999999996
2.5963289999999999
4.0529080000000004
3.0433969999999997
2.5928610000000001
10.849945999999999
2.3308809999999998
5.0305789999999995
4.0588660000000001
2.1383179999999999
6.9926070000000005
2.1689880000000001
2.5997710000000001
5.4178730000000002
2.0968250000000004
6.1442189999999997
1.9156849999999999
6.1385790000000000
2.1463509999999997
13.039361000000001
2.1942390000000001
1.7605270000000002
4.3253630000000003
1.6439470000000000
8.0904950000000007
1.7333539999999998
