5.7291660000000002
1.8212340000000000
4.2657620000000005
3.5258880000000001
1.6676210000000000
4.6345510000000001
1.5816960000000000
4.4478140000000002
1.4940430000000000
4.0542429999999996
1.4791580000000000
3.9936980000000002
1.3441819999999998
2.4542699999999997
3.0792769999999998
1.6596089999999997
2.4338799999999998
1.1266690000000001
3.2314989999999999
1.1078370000000000
1.2546510000000000
3.0125489999999999
0.91818599999999995
1.2903960000000003
2.7296240000000003
0.81366899999999986
1.2098580000000001
2.4878520000000002
0.73408599999999991
0.94278999999999991
2.1842949999999997
0.85632300000000017
0.66567299999999996
1.2414459999999998
1.9635190000000000
0.66532499999999994
