4.6289999999999942E-003
5.0799999999999734E-003
4.4840000000000435E-003
5.6220000000000159E-003
5.8540000000000258E-003
5.8899999999999508E-003
4.2489999999999917E-002
7.4999999999998401E-003
4.5199999999999685E-003
4.5329999999998982E-003
4.5679999999999055E-003
4.3999999999999595E-003
4.4999999999999485E-003
5.0339999999999829E-003
5.4189999999999516E-003
5.2130000000000232E-003
6.9150000000000045E-003
1.5883000000000091E-002
2.1136000000000266E-002
7.4939999999998896E-003
4.2789999999999218E-003
4.2980000000000240E-003
4.7080000000000455E-003
4.5319999999999805E-003
4.5389999999999597E-003
4.7709999999999697E-003
5.6640000000000024E-003
9.7380000000000244E-003
1.8997999999999848E-002
1.9174000000000024E-002
6.0679999999999623E-003
4.3800000000000505E-003
4.4229999999999547E-003
4.2859999999999010E-003
4.4819999999999860E-003
4.3069999999999498E-003
