6.2830000000000052E-002
0.33716000000000079
4.5174000000000269E-002
3.1508000000000091E-002
3.0615000000000059E-002
2.9846999999999957E-002
3.1353999999999993E-002
2.9040000000000066E-002
2.8629999999999933E-002
3.0870999999999982E-002
4.3660999999999950E-002
5.0579000000000041E-002
0.29470600000000013
8.3611999999999576E-002
3.1484999999999985E-002
2.9395999999999978E-002
3.0501999999999918E-002
3.0175999999999981E-002
2.9830000000000023E-002
3.0519999999999992E-002
4.3487999999999971E-002
0.29329900000000020
6.1510999999999427E-002
3.0932999999999988E-002
3.0355999999999939E-002
2.8800000000000048E-002
2.8317000000000037E-002
2.9290999999999956E-002
3.4340999999999955E-002
3.5679000000000016E-002
4.8552000000000040E-002
0.29522899999999996
9.2370999999999981E-002
3.2070999999999961E-002
2.8518999999999961E-002
3.1731999999999982E-002
