0.29645800000000011
0.29360199999999992
0.68506299999999976
1.1841989999999996
0.43650799999999990
0.27326600000000001
0.25987600000000000
0.31281099999999995
1.0548889999999997
0.56811999999999951
0.23995400000000000
0.23397599999999996
0.41670200000000002
0.73035199999999967
0.45836499999999991
0.22287400000000002
0.22051099999999990
0.22084399999999993
0.42038900000000012
0.89325200000000016
0.64111999999999991
0.22287299999999999
0.21329899999999991
0.28218299999999985
0.67851100000000009
0.51840300000000017
0.21309000000000000
0.21599999999999997
0.26692199999999999
2.0481409999999998
0.23224999999999985
0.22717999999999994
0.22756900000000002
0.34500100000000000
1.3540179999999999
0.25085100000000005
