7.5428069999999998
2.2431210000000004
5.8322519999999995
4.1097159999999997
2.2431300000000003
7.0165049999999987
2.1869459999999998
6.3698680000000003
3.8913009999999999
2.1759539999999999
6.7059649999999991
2.5608090000000003
2.3730430000000000
5.7986370000000003
2.0069530000000002
8.1768099999999997
1.9435339999999997
4.6273499999999999
2.7953250000000001
1.8903799999999999
4.8859610000000000
1.7597200000000002
5.9488839999999996
1.6551950000000000
5.0365600000000006
1.5840479999999997
4.6163939999999997
1.4793130000000003
4.8646570000000002
1.3810750000000001
4.4299910000000002
1.2961799999999999
1.9795250000000000
3.2152919999999998
1.1643629999999998
3.3613739999999996
