1.4910000000000201E-003
1.9230000000000080E-003
3.3879999999999466E-003
5.1950000000000607E-003
3.3620000000000871E-003
1.4440000000000008E-003
1.1889999999999956E-003
1.2180000000000524E-003
1.1639999999999429E-003
1.3389999999999791E-003
1.5200000000000768E-003
2.0569999999999755E-003
3.6589999999998568E-003
5.1339999999999719E-003
2.5230000000000530E-003
1.3210000000000166E-003
1.1870000000000491E-003
1.1720000000000619E-003
1.1600000000000499E-003
1.2150000000000771E-003
1.1749999999999261E-003
1.2209999999999166E-003
1.1760000000000659E-003
1.1740000000000084E-003
1.4469999999999761E-003
1.4810000000000656E-003
1.4779999999999793E-003
1.5509999999999691E-003
2.4560000000000137E-003
6.5679999999996852E-003
7.4070000000001635E-003
3.8759999999999906E-003
1.4270000000000671E-003
1.3560000000000239E-003
1.1579999999999924E-003
1.1599999999999389E-003
