6.0611350000000002
2.2363460000000002
7.1020590000000006
2.3361450000000001
4.2339330000000004
5.1688430000000007
2.2417889999999998
6.2328239999999999
3.8565049999999998
2.2729369999999998
4.7356319999999998
4.1818410000000004
2.2012010000000002
6.8907179999999997
2.1442100000000002
5.5094530000000006
5.3277109999999999
2.0803520000000004
5.0147560000000002
3.0802899999999998
2.0765030000000002
4.9813869999999998
2.4422860000000002
2.1408509999999996
7.5817660000000000
10.086150000000000
1.9222110000000001
12.390667000000001
1.8099040000000000
8.8977750000000011
1.6535459999999995
11.898600000000000
1.5744790000000002
6.2462410000000004
1.4645879999999998
12.652702000000000
