2.5408200000000001
1.6427419999999997
1.0617820000000000
3.1652230000000001
0.98784000000000005
2.1112810000000000
1.0190290000000000
1.5126690000000000
1.0467849999999999
0.79343600000000003
2.2651260000000000
0.97415400000000019
0.72123599999999999
1.5652720000000000
2.0750410000000001
0.66228799999999988
0.73457199999999989
1.9025920000000001
1.1087669999999998
0.60781200000000002
0.59050400000000003
1.3514159999999997
1.8075619999999999
0.61675100000000005
0.66341399999999995
3.2345380000000001
0.58806700000000001
0.53336499999999987
0.86204400000000014
1.7596040000000004
0.66467099999999990
0.51858599999999999
1.9531700000000003
0.91953700000000005
0.50388399999999989
0.50467600000000001
