4.6958540000000006
1.5476099999999999
4.0784839999999996
1.4599690000000001
3.4039070000000002
1.4100299999999999
3.9337370000000003
1.2820320000000001
2.4801600000000001
2.9491859999999996
1.1640169999999999
3.4762589999999998
1.1252490000000002
2.3239489999999998
1.0861530000000001
1.8941469999999998
1.1163240000000001
1.3193030000000003
1.7530690000000000
0.80223600000000017
1.0481350000000000
2.4921110000000000
0.88943800000000006
0.72179099999999985
1.7205969999999999
2.0744069999999999
0.66232099999999994
0.82818699999999990
1.8711980000000001
1.0758570000000001
0.60573399999999999
0.59304399999999990
1.3648190000000000
1.7958890000000001
0.63050899999999999
0.63682999999999990
