0.88993799999999990
2.8159250000000000
1.0026630000000001
1.1983140000000001
1.2877339999999999
0.75488799999999989
1.1783020000000000
3.7717289999999997
0.70833599999999997
0.67228300000000007
1.8100670000000001
2.0542569999999998
0.62541100000000005
0.67309799999999986
1.8020579999999997
1.0788119999999999
0.57474200000000009
0.57233999999999985
1.4912219999999996
2.3494449999999998
0.54392299999999993
0.53985299999999992
0.99901899999999999
1.6907730000000001
0.76010899999999992
0.51200999999999997
0.51248999999999989
0.97012900000000013
1.9714350000000000
0.66609299999999982
0.50536200000000009
0.50220100000000001
1.0181209999999998
1.6722249999999999
0.54035499999999992
0.57093100000000008
