2.3264480000000005
0.50343300000000002
0.48793500000000001
1.4174709999999999
0.65442600000000017
0.44568199999999991
0.44867599999999996
1.1011469999999997
1.4291489999999998
0.40591800000000011
0.42318199999999995
0.71819299999999997
2.4710209999999999
0.37827300000000008
0.37463400000000002
0.41232699999999989
1.2096180000000003
1.3023680000000000
0.35043400000000013
0.34581400000000007
0.72732399999999986
1.1761339999999998
0.45216000000000012
0.33546900000000002
0.33384099999999994
0.62532300000000018
1.1395390000000001
0.75907899999999984
0.32939299999999994
0.32815399999999995
0.32938900000000004
0.77518099999999990
1.8989659999999997
0.39219900000000008
0.32677100000000003
0.32975299999999996
