5.0681870000000000
1.6519209999999998
4.7736570000000000
1.6412949999999995
3.7145650000000003
1.5486979999999999
4.3359569999999996
1.3946250000000000
3.2956159999999999
1.9408320000000001
1.4893509999999999
3.7995209999999999
1.2171559999999999
3.5535600000000001
1.1676830000000000
1.5790930000000001
3.0712500000000000
0.99168299999999998
1.3926499999999997
2.9700329999999999
0.88963100000000006
1.3995639999999998
2.6060879999999997
0.78350399999999998
1.2281239999999998
2.4071050000000001
0.72360899999999984
0.87112400000000012
2.0904449999999999
0.99822299999999986
0.64277200000000012
0.63978900000000005
1.7782099999999998
1.9069110000000000
0.62664500000000001
0.76963900000000007
