-0.47266291
-0.47271069
-0.47285437
-0.47309490
-0.47343383
-0.47387323
-0.47441574
-0.47506457
-0.47582344
-0.47669644
-0.47768774
-0.47880123
-0.48003986
-0.48140494
-0.48289525
-0.48450612
-0.48622873
-0.48804967
-0.48995125
-0.49191251
-0.49391112
-0.49592565
-0.49793776
-0.49993389
-0.50190575
-0.50384916
-0.50576209
-0.50764183
-0.50948255
-0.51127429
-0.51300304
-0.51465222
-0.51620460
-0.51764408
-0.51895690
-0.52013229
-0.52116289
-0.52204506
-0.52277891
-0.52337012
-0.52382783
-0.52416599
-0.52440169
-0.52455301
-0.52463611
-0.52466225
-0.52463548
-0.52455174
-0.52439975
-0.52416327
-0.52382419
-0.52336537
-0.52277283
-0.52203744
-0.52115356
-0.52012116
-0.51894397
-0.51762946
-0.51618849
-0.51463492
-0.51298492
-0.51125576
-0.50946401
-0.50762362
-0.50574445
-0.50383227
-0.50188970
-0.49991875
-0.49792358
-0.49591251
-0.49389912
-0.49190173
-0.48994175
-0.48804147
-0.48622177
-0.48450031
-0.48289041
-0.48140089
-0.48003640
-0.47879816
-0.47768490
-0.47669368
-0.47582067
-0.47506171
-0.47441276
-0.47387011
-0.47343057
-0.47309152
-0.47285091
-0.47270718
-0.47265938
