-0.31097131
-0.31094267
-0.31088734
-0.31089322
-0.31103487
-0.31132475
-0.31171500
-0.31214813
-0.31262178
-0.31320603
-0.31398647
-0.31498101
-0.31609700
-0.31715352
-0.31795484
-0.31837548
-0.31840788
-0.31815018
-0.31775468
-0.31737191
-0.31711065
-0.31701301
-0.31703558
-0.31703965
-0.31681654
-0.31616626
-0.31498540
-0.31328225
-0.31110927
-0.30849284
-0.30543271
-0.30196116
-0.29818598
-0.29427083
-0.29038281
-0.28665533
-0.28317961
-0.28001232
-0.27718684
-0.27472217
-0.27262888
-0.27091265
-0.26957636
-0.26862136
-0.26804823
-0.26785717
-0.26804823
-0.26862136
-0.26957636
-0.27091265
-0.27262888
-0.27472217
-0.27718684
-0.28001232
-0.28317961
-0.28665533
-0.29038281
-0.29427083
-0.29818598
-0.30196116
-0.30543271
-0.30849284
-0.31110927
-0.31328225
-0.31498540
-0.31616626
-0.31681654
-0.31703965
-0.31703558
-0.31701301
-0.31711065
-0.31737191
-0.31775467
-0.31815018
-0.31840788
-0.31837548
-0.31795484
-0.31715352
-0.31609700
-0.31498101
-0.31398647
-0.31320603
-0.31262178
-0.31214813
-0.31171500
-0.31132475
-0.31103487
-0.31089322
-0.31088734
-0.31094267
-0.31097131
