-0.65649876
-0.65648659
-0.65640493
-0.65613368
-0.65553452
-0.65450451
-0.65300343
-0.65106417
-0.64877625
-0.64625695
-0.64361372
-0.64091436
-0.63817831
-0.63538979
-0.63252010
-0.62954480
-0.62644958
-0.62322670
-0.61986917
-0.61636744
-0.61271113
-0.60889400
-0.60491901
-0.60080152
-0.59656942
-0.59226087
-0.58792118
-0.58359907
-0.57934396
-0.57520344
-0.57122105
-0.56743442
-0.56387394
-0.56056211
-0.55751384
-0.55473747
-0.55223624
-0.55000984
-0.54805589
-0.54637099
-0.54495157
-0.54379436
-0.54289675
-0.54225681
-0.54187328
-0.54174551
-0.54187328
-0.54225681
-0.54289675
-0.54379436
-0.54495157
-0.54637099
-0.54805589
-0.55000984
-0.55223624
-0.55473747
-0.55751384
-0.56056211
-0.56387394
-0.56743442
-0.57122105
-0.57520344
-0.57934396
-0.58359907
-0.58792118
-0.59226087
-0.59656942
-0.60080152
-0.60491901
-0.60889400
-0.61271113
-0.61636744
-0.61986917
-0.62322670
-0.62644958
-0.62954480
-0.63252010
-0.63538979
-0.63817831
-0.64091436
-0.64361372
-0.64625695
-0.64877625
-0.65106417
-0.65300343
-0.65450451
-0.65553452
-0.65613368
-0.65640493
-0.65648659
-0.65649876
