-0.17838200
-0.17844282
-0.17862555
-0.17893101
-0.17936034
-0.17991472
-0.18059503
-0.18140135
-0.18233212
-0.18338307
-0.18454595
-0.18580729
-0.18714777
-0.18854300
-0.18996675
-0.19139670
-0.19282069
-0.19423920
-0.19565934
-0.19707990
-0.19847570
-0.19979637
-0.20099119
-0.20204814
-0.20301101
-0.20395302
-0.20493036
-0.20595201
-0.20697788
-0.20793695
-0.20875505
-0.20938286
-0.20981232
-0.21007371
-0.21021738
-0.21029289
-0.21033623
-0.21036700
-0.21039184
-0.21041101
-0.21042192
-0.21042351
-0.21041735
-0.21040741
-0.21039860
-0.21039495
-0.21039802
-0.21040629
-0.21041578
-0.21042160
-0.21041981
-0.21040884
-0.21038974
-0.21036510
-0.21033455
-0.21029130
-0.21021547
-0.21007078
-0.20980750
-0.20937541
-0.20874470
-0.20792412
-0.20696354
-0.20593720
-0.20491572
-0.20393838
-0.20299532
-0.20202987
-0.20096916
-0.19977054
-0.19844721
-0.19705050
-0.19563073
-0.19421270
-0.19279714
-0.19137648
-0.18994982
-0.18852900
-0.18713617
-0.18579748
-0.18453737
-0.18337525
-0.18232472
-0.18139411
-0.18058778
-0.17990738
-0.17935287
-0.17892342
-0.17861786
-0.17843505
-0.17837421
