-0.17593118
-0.17694188
-0.17795589
-0.17893757
-0.17984851
-0.18065082
-0.18131068
-0.18180146
-0.18210591
-0.18221745
-0.18214036
-0.18188908
-0.18148659
-0.18096232
-0.18034964
-0.17968316
-0.17899619
-0.17831859
-0.17767520
-0.17708492
-0.17656037
-0.17610776
-0.17572704
-0.17541217
-0.17515157
-0.17492902
-0.17472500
-0.17451870
-0.17429045
-0.17402448
-0.17371083
-0.17334691
-0.17293802
-0.17249654
-0.17204029
-0.17159017
-0.17116750
-0.17079161
-0.17047786
-0.17023656
-0.17007266
-0.16998615
-0.16997315
-0.17002735
-0.17014171
-0.17030996
-0.17052778
-0.17079342
-0.17110767
-0.17147323
-0.17189357
-0.17237132
-0.17290660
-0.17349533
-0.17412790
-0.17478835
-0.17545436
-0.17609833
-0.17668956
-0.17719709
-0.17759299
-0.17785533
-0.17797017
-0.17793247
-0.17774554
-0.17741959
-0.17696991
-0.17641507
-0.17577570
-0.17507383
-0.17433276
-0.17357720
-0.17283285
-0.17212573
-0.17148096
-0.17092119
-0.17046511
-0.17012630
-0.16991273
-0.16982695
-0.16986704
-0.17002790
-0.17030285
-0.17068509
-0.17116879
-0.17174943
-0.17242342
-0.17318690
-0.17403385
-0.17495405
-0.17593118
