-0.37371245
-0.37340118
-0.37304024
-0.37263365
-0.37218857
-0.37170243
-0.37118423
-0.37063983
-0.37007520
-0.36949676
-0.36891167
-0.36833215
-0.36775977
-0.36720834
-0.36668851
-0.36620977
-0.36577909
-0.36540035
-0.36507496
-0.36480697
-0.36459950
-0.36445453
-0.36438016
-0.36436163
-0.36440657
-0.36451579
-0.36469024
-0.36492664
-0.36521859
-0.36555877
-0.36593336
-0.36635611
-0.36680438
-0.36727860
-0.36776794
-0.36826617
-0.36876689
-0.36926535
-0.36975553
-0.37023134
-0.37068654
-0.37111492
-0.37150357
-0.37185990
-0.37217430
-0.37244375
-0.37266652
-0.37284230
-0.37297235
-0.37305911
-0.37310595
-0.37311659
-0.37309465
-0.37304317
-0.37296457
-0.37286182
-0.37273867
-0.37260046
-0.37245254
-0.37230479
-0.37215879
-0.37202120
-0.37189561
-0.37178594
-0.37169737
-0.37163585
-0.37160659
-0.37161257
-0.37165427
-0.37172299
-0.37183287
-0.37197423
-0.37214382
-0.37233738
-0.37254987
-0.37277549
-0.37300810
-0.37324139
-0.37346879
-0.37368477
-0.37388420
-0.37406136
-0.37420986
-0.37432231
-0.37439377
-0.37441794
-0.37438991
-0.37430599
-0.37416412
-0.37396413
-0.37371245
