0.7999999999999998 0.3022047403129653
0.879999999999999 0.26053418333940304
0.96 0.2409345364072566
1.04 0.236206813036123
1.1199999999999992 0.2368879589662587
1.2000000000000002 0.2607518470444372
1.2800000000000002 0.29696677181556463
1.3599999999999994 0.38131672545096507
1.4400000000000004 0.5461901008235452
1.5200000000000005 0.835438565310497
1.5999999999999996 1.4613648775690398
1.6800000000000006 2.63619054592004
1.7600000000000007 3.894025417658861
1.8399999999999999 3.7134487509027734
1.9200000000000008 2.2234337682379213
2.000000000000001 0.9220823557468059
2.08 0.3825942340342774
2.160000000000001 0.24071562622911102
2.240000000000001 0.1454010003652222
2.3200000000000003 0.12069892333562926
2.4000000000000012 0.10094054835593713
2.4800000000000013 0.09227187287078564
2.5600000000000005 0.08781726093348663
2.6400000000000015 0.1013276087694086
2.7200000000000015 0.10397156533448815
2.8000000000000007 0.28416355221092093
2.8800000000000017 1.0249682768239339
2.9600000000000017 1.871027179943506
3.040000000000001 2.1916776223540397
3.120000000000002 1.5970094474903034
3.200000000000002 1.2554109530019586
3.280000000000001 1.0670339991173892
3.360000000000002 0.973341817986423
3.440000000000002 1.0114237845520355
3.5200000000000014 1.1422353664968767
3.6000000000000014 1.3364400148086704
3.6800000000000024 1.3637982724023896
3.7600000000000025 1.1146134474837686
3.8400000000000016 0.7625695520439271
3.9200000000000026 0.6314307036248659
4.000000000000001 0.5832667597455892
4.080000000000002 0.5393686120991132
4.160000000000001 0.5113850639138571
4.240000000000001 0.4863463269741981
4.320000000000002 0.46479387070634015
4.400000000000003 0.4463148866551343
4.480000000000001 0.43246207813618476
4.560000000000001 0.42081586217928724
4.6400000000000015 0.4143173336349095
4.720000000000003 0.4239369558346917
4.800000000000002 0.4456074560536045
4.8800000000000034 0.47876175308556057
4.96 0.6880440128084206
5.040000000000002 1.571003891367786
5.120000000000002 2.806486223092344
5.200000000000004 3.160585522249255
5.280000000000002 2.4886320517337266
5.360000000000004 2.1405574227700948
5.44 1.9950741505516656
5.520000000000002 1.818123412809864
5.600000000000002 1.5970837997798055
5.680000000000004 1.4487939460791588
5.7600000000000025 1.3484312098387012
5.840000000000004 1.3517835384063739
5.920000000000001 1.4702222821566355
6.000000000000003 1.4803292767871352
6.080000000000003 1.3587962418191513
6.160000000000005 1.2278677060120096
6.240000000000003 1.1717582531191422
6.320000000000005 1.1165528322030394
6.400000000000001 1.0699395990114562
6.480000000000003 1.0365083071978631
6.560000000000003 0.9927306486596068
6.640000000000005 0.9579132984197587
6.720000000000003 0.9345839653159382
6.800000000000005 0.9121106787549582
6.880000000000002 0.8960140411891642
6.9600000000000035 0.888277357036757
7.040000000000004 0.8781726093348645
7.120000000000005 0.8698559072648129
7.200000000000004 0.8817149963742086
7.280000000000006 0.8894312325314644
7.360000000000002 0.8860788223933884
7.440000000000004 0.8639809259757856
7.520000000000004 0.8335398262939959
7.600000000000006 0.8277136838193346
7.680000000000004 0.9304950013978299
7.760000000000006 1.1425407256447908
7.8400000000000025 1.3746071486397051
7.920000000000004 1.3913557257714797
8.000000000000004 1.271154112646654
8.080000000000005 1.1192064741375614
8.160000000000004 1.0318637817579388
8.240000000000006 0.9815049237980711
8.320000000000004 0.9485579656964891
8.400000000000006 0.9280559210116444
8.480000000000004 0.9038499292185476
8.560000000000006 0.8939958939024679
8.640000000000004 0.9183425042788738
8.720000000000006 1.058147645239357
8.800000000000004 1.422345955815541
8.880000000000006 1.765092880437075
8.960000000000004 1.8299705463546636
9.040000000000006 1.7009188167267695
9.120000000000005 1.4642395436840006
9.200000000000006 1.3483932130538538
9.280000000000005 1.280511748937525
9.360000000000007 1.207442207831141
9.440000000000005 1.1428828575654189
9.520000000000007 1.1054448042881262
9.600000000000005 1.065245785375569
9.680000000000007 1.0334697151849817
9.760000000000005 1.015528920302299
9.840000000000007 1.0007282881749076
9.920000000000005 0.9885071166615509
10.000000000000007 0.9909474393150344
10.080000000000005 1.09213596130673
10.160000000000007 1.3413538256692288
10.240000000000006 1.5714633668858964
10.320000000000007 1.69527461567644
10.400000000000006 1.591427124319436
10.480000000000008 1.4858292973462954
10.560000000000006 1.4492823829509258
10.640000000000008 1.5221950752269504
10.720000000000006 1.5511395960492882
10.800000000000008 1.4902582385752732
10.880000000000006 1.3773092819109345
10.960000000000008 1.2961169725166393
11.040000000000006 1.2363856400943378
11.120000000000008 1.1885495985045962
11.200000000000006 1.1390871329428611
11.280000000000008 1.097138499622857
11.360000000000007 1.0550018808110826
11.440000000000008 1.0414778537199645
11.520000000000007 1.018488176625591
11.600000000000009 1.003535590212432
11.680000000000007 1.0020951785231489
11.760000000000009 1.0320546501798598
11.840000000000007 1.0670055006998362
11.920000000000009 1.0632274770135481
12.000000000000007 1.0273882676300587
12.080000000000009 0.9827288909595797
12.160000000000007 0.9556450123860456
12.240000000000009 0.9413517618735261
12.320000000000007 0.930591175937411
12.40000000000001 0.893797650350133
12.480000000000004 0.879306706041314
12.560000000000006 0.8894312325314644
12.640000000000008 0.8863267116692892
12.72000000000001 0.8933395627285794
12.800000000000008 0.9525408048210755
12.88000000000001 1.0485425059065259
12.960000000000004 1.0870950254317506
13.040000000000006 1.0414777805677033
13.120000000000008 0.985883020982512
13.20000000000001 0.9699704913187901
13.280000000000008 0.9648050037017777
13.36000000000001 1.0430335921377436
13.440000000000005 1.2365039274625724
13.520000000000007 1.500109359074643
13.600000000000009 1.7025473826780688
13.68000000000001 1.6508435595758395
13.760000000000009 1.4772567389416786
13.84000000000001 1.350049512530339
13.920000000000005 1.2555244777056354
14.000000000000007 1.2115067173105487
14.080000000000009 1.157071302148979
14.16000000000001 1.0901884474775958
14.240000000000009 1.0560588558411554
14.320000000000011 1.0481730111519845
14.400000000000006 1.0195144025910494
14.480000000000008 0.9975140152188331
14.56000000000001 0.9895593292866343
14.640000000000011 0.9799038141992984
14.72000000000001 0.980037976618954
14.800000000000011 0.9848092944687474
14.880000000000006 0.963051067851171
14.960000000000008 0.9610134630729785
15.04000000000001 0.9621865999808143
15.120000000000012 0.9177034423811898
15.20000000000001 0.9300969179847804
15.280000000000012 1.0247590411570187
15.360000000000007 1.1272328415033206
15.440000000000008 1.1562606022909003
15.52000000000001 1.1456491558229418
15.600000000000012 1.1371209428566793
15.68000000000001 1.1267951974340518
15.760000000000012 1.0806421769523107
15.840000000000007 1.0190900131361333
15.920000000000009 0.9751361624858559
16.00000000000001 0.9476855410089415
16.08000000000001 0.9202220763310391
16.160000000000007 0.871415320501816
16.240000000000002 0.8617956958126971
16.320000000000004 0.8719725081705372
16.400000000000002 0.8929517999855889
16.48 0.9029415803673864
16.56 0.887770756613973
16.639999999999993 0.8823608871954987
16.719999999999995 0.8504742080072472
16.799999999999994 0.8262092389190743
16.879999999999992 0.8241312179911802
16.959999999999987 0.8152243288596246
17.03999999999999 0.7996897340374378
17.119999999999987 0.7832746808715001
17.199999999999985 0.7689309470012615
17.279999999999983 0.7669684795982334
17.359999999999978 0.758831203450895
17.43999999999998 0.7588312034508959
17.51999999999998 0.7861877412631664
17.599999999999977 0.8294477734300711
17.67999999999997 0.8850260993208439
17.759999999999973 0.9519047481971725
17.83999999999997 0.9880863733420631
17.91999999999997 0.9739740709481763
17.999999999999964 0.9626103129257535
18.079999999999963 0.9848191848782575
18.159999999999965 0.9595665852910642
18.239999999999963 0.9266540312670744
18.31999999999996 1.0053410796592752
18.399999999999956 1.1462817679827522
18.479999999999958 1.2037018825114414
18.559999999999956 1.2080502689952626
18.639999999999954 1.1745629750948883
18.71999999999995 1.111821089504696
18.799999999999947 1.0585222160220802
18.87999999999995 1.0120966107751812
18.959999999999948 0.9892731494233109
19.039999999999946 1.0054261473642363
19.11999999999994 0.9969062681641336
19.199999999999942 0.9571639508103855
19.27999999999994 0.9607977963960019
19.35999999999994 0.9838431299572985
19.439999999999934 0.9840036673829111
19.519999999999932 0.9732668378667393
19.599999999999934 0.9615604290938657
19.679999999999932 0.97049331954699
19.75999999999993 0.9393967840289825
19.839999999999925 0.9018103446086938
19.919999999999927 0.9467229752071544
19.999999999999925 0.9387607688963326
20.079999999999924 0.9098311654405018
20.15999999999992 0.9207455315868733
20.239999999999917 0.9319371561283809
20.31999999999992 0.9635275769469542
20.399999999999917 0.9930856260852226
20.479999999999915 1.0353123016097374
20.55999999999991 1.0897095067105296
20.63999999999991 1.1101374684292287
20.71999999999991 1.0890604813103923
20.79999999999991 1.0621003809455152
20.879999999999903 1.0560588558411563
20.9599999999999 1.0551948754018765
21.039999999999903 1.0280995153509842
21.1199999999999 1.0164397178833884
21.1999999999999 1.0185792398262663
21.279999999999895 1.0425485080052344
21.359999999999896 1.0560588558411563
21.439999999999895 1.0211946991799232
21.519999999999893 1.0114512716800341
21.599999999999888 1.0065209137761126
21.679999999999886 0.9997745437580834
21.759999999999888 0.9933267753854427
21.839999999999886 0.9930105659401924
