31351.776372967499
-14947.275409045162
282.14195984036957
-22245.899064005611
15360.064310393904
-31237.997132947003
-5384.0846129170841
-34971.943806674521
-11661.752853289008
-4848.9705201807483
11928.395084640135
-37203.587456126639
-6467.6466703356818
23573.209400563726
21111.802968261545
-16281.988920667192
-36660.565040976740
-9163.5174619903137
-15393.877054615756
-9886.7367147571476
13589.709001274810
8543.0172634045230
19556.490250316521
-3400.2977977630248
17032.365509408293
-19786.806629414175
4424.8953388462669
-13476.128925758250
-15371.281058115042
13218.526683718921
10541.509704591324
13799.965301917749
-2074.8946158804542
-27697.486837920427
6589.6887199381599
-16228.163627007969
-8630.3726493147060
718.95439528873112
5110.8401369651465
-12170.379987633745
-2282.7267391286705
-15306.509781039686
9720.7989031084762
7161.3301218924589
-20011.381143458832
18036.420749245528
20381.722713549672
9802.0734902718959
17622.053603668701
-11558.329491715875
12850.178298023086
-3338.6094927429390
-10573.272851381553
18986.612220932166
18439.201072642474
3573.2955390183024
17474.762385005164
-3905.3449363390009
14934.320945654375
11859.740235129620
16918.269571194644
-10524.297173019473
1858.9675328114290
9460.6446193116026
5549.0404037946128
4264.7105836848086
-33298.126597874514
-62369.416637667840
-5592.0176868168264
3331.0765775903533
9807.0813998191497
-16736.572645969140
-744.84208705220465
-7808.5001015539528
-6928.6012167844210
-9155.0732020712876
-4520.6162169325980
-278.97898438459947
-17655.448172312008
6734.6445210113297
-10263.244860159768
-7821.6708222510915
-38650.981262953792
8061.8415347791397
-6330.2893813160354
-1098.6137721729608
-12431.601861956915
-5383.7663608192988
30495.777874210668
-9547.3506143415671
3353.5122062944947
14669.879901797703
-11230.342126235615
6331.6343927296994
25064.976995507830
-3631.1869813062067
11150.103524749147
-35946.617226302340
-19437.919507010018
-9949.1599580574566
-12251.556099636993
-16566.474546782825
-46954.007771117256
-10789.260870169026
14804.719509613873
4683.6405596606010
-40399.989610194694
-6596.9085900972805
-14512.752702510601
-10711.674570899580
-14071.891246976857
2160.7640269424478
8388.7248463291944
-27398.402335883231
17757.841810410682
7654.1223196413330
7308.9770335913490
-6732.6626481804369
-2346.7755393108146
22510.667380037954
6856.3975745388007
1555.5842662965197
5269.1654701921025
246.38226583131936
-22888.731808343869
14748.868150359605
-35860.110386369161
8310.1639296706162
1323.2544715355957
3374.0555345138728
-15070.195547269703
-60197.791218462749
921.05589403601914
34173.707418432998
15635.557587230327
-3877.0915008856223
9421.5801657194934
16280.401575021675
3193.5380586595952
-18859.881302372756
12258.527663676097
24226.303793983414
1067.6185491254330
-17284.755487156854
16913.147447671996
-12145.190737411800
-1963.2448286815968
13887.268645295575
-7721.5749691231176
-12991.118486235053
-16021.157940880134
-9409.6377807873832
27224.252582313169
8539.5651799690750
-8426.8889523437429
27712.640183649179
-1767.2733497641127
6168.5829770739338
49435.682992816044
-6674.1288913893695
16710.043305016115
-20305.494465843010
-1699.1135702678987
-17242.380394545922
-13177.603587678568
-8377.2726729511451
7197.5752500811532
-21421.583641088015
-7210.4677738721666
25821.005077853672
-13840.343861487807
2270.9869579802689
7821.6475520099393
8767.1439827252816
5517.4306265696941
43408.126402449692
-14807.992406153804
-4446.2607171236768
-8320.1172588569625
-436.28687266308128
3404.7362880855194
17392.508180867535
-11856.703432523997
3326.9772731142566
-16032.045112085641
-17196.729137878847
3239.9228079784993
-17095.193515905379
-27635.462762734132
-4890.6073613283206
1067.3641781881099
-26465.347948744089
-24840.892539725224
-14071.519867959478
-18121.272703642291
21896.666199272451
5154.3706119337676
14017.013562763750
-38547.390440164942
17974.905535956666
8703.3061098734415
2100.6760012184122
1235.0057545354712
15251.872003565510
-879.48789119936077
-21848.104825248753
7464.0514609320726
-25416.076261079859
-37672.142191801497
1329.9881818884367
-5696.4870332428691
6249.1582967833965
-17308.261626326865
-23033.761920500263
12174.465626029621
15444.575237310106
-4548.0355010148414
3287.0215066621513
5728.1966029899304
-3493.3055342851412
-17923.308013421727
-6827.3677814175053
15598.456058892943
1888.5029833551519
3689.5508292345185
26899.352382048033
8313.8310164942468
-8370.1999271918612
-11418.794116195768
6410.0838016773851
-12975.893217206267
-17152.458700415871
-5968.4142258822321
252.27574316158334
12110.945289960959
-16884.641121834920
-22373.124418685493
3614.2984181263691
-8126.9150149106526
9185.4804746670816
5407.6577790205502
2544.8303513063997
19460.152916169322
30998.922773197894
-6058.9755724856223
-19054.371375312705
16806.520387453213
-14811.438621357589
-12107.405779771272
-20338.850160854843
28783.641617182591
-8849.2724599252797
13349.804548706565
-10282.944035922550
-4985.6137812940642
-21729.014385789917
-5369.3541565504202
2516.4541263053316
-14998.691849770534
-14732.418624591677
-33196.172851886266
25705.533449192371
-18925.906539561169
-33831.566811876815
18508.990357985920
-12729.309505089474
-21128.568462724968
-15483.740996221903
6509.9259932720461
15760.230268288215
-5459.3978345490068
-2262.5019520147771
23136.014457532223
370.62298412190574
43043.540169574539
9901.5692206297263
-9406.2548239346252
-3301.0542054911216
-7870.8846999536581
-2900.1496546146864
-9074.1546462501756
-22566.689523542344
5528.6050805994973
12341.065339629327
-23530.847123745290
-30363.262616072181
6254.3044142848958
3596.3972558447440
9884.8738540880477
-6481.0430720069708
1393.4566204400719
4209.1074106421729
-15769.442300002445
-20498.804523327013
19742.652038586562
19130.458335497235
-2671.9857054646700
23783.645561913163
16215.636759406267
27404.398599201359
-74892.902089631825
22620.933935214071
14025.658644333878
9991.8586634102721
-21671.791858737102
8061.1418388447082
-6884.4111512757554
6472.3366948162020
24699.154831285588
7450.0674991569267
14749.488503584787
7470.8362427347556
-5808.2285727965409
-17139.653329622495
5592.9001125385948
-35539.568541984605
9681.1053279663611
20455.127093169598
5409.9508241904532
8073.5425406043705
-5409.0100347356856
-39574.947018926592
24561.221233454984
33614.669833606138
10057.513542584673
-5912.3266582022634
-53231.714590191281
6271.9003322773660
-26176.915335164114
-3522.8941019736217
41945.689950962522
14901.829532754431
-4962.1331984736389
-33807.537175702520
-13782.721525735833
13801.381106472694
2588.1571484713127
-49019.455293627798
-40601.654018646739
-7581.6399080172305
9060.5868279261867
5594.4495402966504
-12803.720622566851
4103.8090396923690
8871.2695604271903
4405.7669899213588
10858.081867629517
-14300.820905810979
-2445.6339099315969
12604.738602451427
12722.494723564356
-7627.7277317821745
-7108.1515441502961
-280.37595651105960
2879.0500660736793
6147.1209420982659
19200.643035980698
1692.5508190677783
2986.4223860893794
-31485.558871720285
-450.75553133381908
-8007.2397700638921
7312.2414868849864
6235.5722631162371
-24554.266880885727
33203.834808204068
8469.0021632584467
5165.0051363728689
19145.539895125825
-15108.218420788056
6002.9391906882856
5348.4060559297177
-12013.541508581884
34858.558045726291
-21131.444111821274
23387.371137764083
11812.754360201794
1610.4480172825222
8641.0249425425263
-13824.523778244506
-9976.3431676372347
-9424.3046876665048
-16354.277840210218
16321.524794352248
-3209.1545927395250
11666.470789369156
-32739.513768031313
-11254.264674140069
11919.712021752945
-26507.149509943491
-21367.873884046741
-17050.843781781314
6755.7072336715491
5333.8262936621049
-7002.6243136557168
4841.0967894518544
-7024.6534594794111
11987.281412920120
-20929.921098465944
17087.638397785828
-14132.622212567698
54232.524122526134
41741.617581558872
-4736.8647765362548
-4641.5376677046916
15940.010700542020
-18342.671086299975
5663.3929012970075
-904.27745400820140
1126.3833792519229
13540.922467094737
3326.9208297358296
10982.719778352825
-4235.1302021256452
12257.556140942990
22494.017389871657
28192.620258075949
-17184.181334803950
-9381.3165262588664
-5689.4977462547768
7429.7021446095441
25226.703950330339
-22861.804398307617
-17043.402076676106
6283.7820241758018
-25427.237155422503
14494.637406098678
3908.9757624935633
-11976.615389590874
6575.6303025759726
28892.117991268726
-5482.8228160770932
-7041.1450857679729
-41026.150673933313
-10225.072373698546
12493.970654094404
5707.0881586827736
-9218.1083763734368
7718.2864014949391
-8464.4621156934300
-17746.883215835558
-1533.5540720427102
-6797.1937501903449
-10579.026044745504
-11985.583401045344
4831.9775869518880
23079.305228595473
4791.8168375282385
3678.8740264350263
-27552.965714857772
-10213.113746312663
-34816.058638637864
6094.2682149898601
13856.353472933562
-13388.239439009863
12589.273345661526
-1671.7807322943295
-8375.5863336273887
15348.787807842386
29216.710735303732
-5375.7324601458376
-16216.573845709428
9457.8527173736657
32943.486831924725
5337.4584977367404
8753.6584655495099
-5025.1900375047162
-60361.680808142970
-8564.2737951167292
-19568.567100551423
29640.596967000125
-5715.6903613349923
-8507.3353297997837
9618.4159909219470
889.91711979913646
-857.07256637603120
15270.872235429744
27067.376275176648
20372.348046316682
31089.476717671423
-20751.661578942822
-228.62733617073519
-3767.8724576808681
1393.1534738670566
-4326.8825279238426
-24780.016825916417
-2442.8662975842030
-14519.472726844662
-29521.043391871361
3166.7764791161990
41596.842738232364
-15503.705158207473
13590.978463868587
-2561.4321144709775
2814.9745763593319
-8202.6514902313265
19164.902247947233
-20033.595698428864
-8620.9452886200615
-5856.7777235944313
-17831.393168849365
1062.0116246801413
748.09978228587659
4811.2098394085433
-35678.261634547183
3542.8501891792739
-9894.3907289221825
1756.1699984787926
-18594.644026108374
14796.712304998549
-8096.0471537530984
1697.9352478025448
3898.9192288717845
-12664.124110281951
11978.778616457872
19486.343336857641
5347.6605218622944
3508.6270722857580
-13204.097826491585
-6409.4075396921708
14724.427504155192
9109.7332155028507
-11866.997157998056
-797.65486758308282
1943.1600851144428
-27260.193218721401
6186.7623543602895
21794.395104783835
347.57179525388091
-7766.7362469297150
8605.9157528027063
-13053.652839486494
-3059.1244797178083
8695.6966408838907
-3595.2210184578234
20763.523943736112
-2520.1301066903952
22140.275127423760
-38900.623450827130
-16754.471910356806
10675.273659860815
36359.960090435052
4015.6699665639653
13537.229564451789
-16915.234531112401
-5848.0283521855508
56778.719017056275
12017.200789185439
31947.957489816046
-18788.227833932382
12506.944764966624
8795.9774315739232
-7006.0571700651062
-21672.135619963021
-13127.045475709325
-7063.7615581640084
1188.2832902297225
12264.201512382348
11728.760688814953
23225.012245220561
-1666.2887510260969
15999.546629126169
-14314.954198942803
-11446.093820891505
-13588.855500879848
10710.638974722957
11027.996546903560
7631.4586619337533
2440.2948580721059
-35113.751086883785
-11831.080111150583
25649.741944725458
5627.1547903191386
23769.942233325943
-25873.926621441995
-12582.237791895524
-7098.9112492501990
11394.343526921131
10075.000251149917
-3157.7798926304313
16909.659704871225
-53223.193527863397
11582.489421812750
-7106.2488119256523
-12619.007080058287
19875.622312787134
-3707.1044317820388
-12687.229005775920
-21653.248359205591
31480.193594048967
-12631.300159473059
-2770.4567448922771
-24580.298769684108
-16515.016788508041
-349.76804082451287
3931.1338290488279
1927.5355578210590
9127.8587505742435
-1406.9897552774448
5293.9529723129244
-33214.489083287728
-21944.526834973090
771.41973524138223
75.505774156056930
-16223.780753136973
-12536.060857943667
9409.8411582608951
-3964.4963210296410
-13279.343425866235
-16548.075395975986
-913.41934761883556
11397.674075089639
21125.172376957555
-13127.753662288264
6434.6373919991684
25588.158791549511
13300.120880687133
-6131.4333065502597
2802.1005821152103
-3233.9279669212374
12446.944480813852
-16573.541943341650
-43709.660774687560
-8778.9997906817916
787.59335514077009
-6788.3883427154342
11550.257530496985
13772.400081159680
31155.262004720484
3427.8915245427393
-2395.0530195144529
8818.4366941188273
-20293.809326135917
28968.766330410523
-22677.213029591054
-26349.641393505575
11535.541191007303
1656.3493959947266
8489.9274597073636
-6154.1221180496950
25152.946044459200
-6410.6929581946224
14046.845291805917
-3470.1333399966079
-10996.757869260829
-3619.9839950963178
5911.9628765623929
-1057.1932341840929
-8910.7914301090295
-23728.498140364394
-31894.616788569743
-39537.932277188993
-7235.0261004370468
-15853.149254322419
-6235.3184013120472
-17092.532052371196
16229.573254885050
13402.057888617559
-1464.7713781562047
-848.49900396926978
8247.8192053050807
668.41210378473397
18188.321496645975
-15334.481738820527
-4286.9333010688970
17524.581875125401
-25594.365213350247
24636.470431190657
-3953.2635478034363
-4065.4014326202182
-8390.9192748792739
-24717.779609696034
-6326.6506269688089
3413.0475977397318
-14338.933060916814
-12437.565174345185
15701.743981412532
23934.301039318223
22082.667030836514
-61045.080477299925
16236.858155131453
3472.7037498217037
8666.2188718790621
3556.9526591745112
21993.944863469966
7419.5735357199565
-16831.215723193760
35780.404037296088
-3105.2315736536621
10901.477347378943
31675.697306487931
-1547.6803303067279
-18034.046119243001
-3123.5899414566243
6487.1867920097648
7714.0161735856091
11874.531877193740
-37717.171804551319
10893.648929704799
-26600.202278024284
5048.8468653997597
4809.8909307735048
8326.3280929400626
4336.4946193846090
29754.454253830179
-7297.2046929798362
-13868.554777497098
-27015.021955187833
13816.602073971651
-2813.0448958786769
13134.546231812672
-6981.5199164043324
36664.748539284519
8527.2832897400749
-12143.592657190935
17488.075786994348
-54154.481020885352
-18158.852764827887
-13690.471469788698
-4905.6577126936945
31869.147919049297
-8031.4598412066298
-8631.6450374510223
-15894.407669483557
4477.3669072735229
52442.566375115333
46149.323690111501
-10836.105054533900
-5974.6190762123442
-20211.725143801632
31462.431207472171
4175.2113504980398
-228.94151875513418
-11912.697588755307
5025.6803305604790
8313.7919029025979
-5077.5589060505945
-35205.856383799794
-20380.028948968844
-21102.048289855931
-11899.601164798512
-6403.2519902739759
-2693.9445884198212
-6617.4768235460915
-11206.927390782088
13550.877152565963
7135.6726275158062
49837.532736950678
29714.294908024964
4629.3809672961679
14915.363570386555
16469.040768298073
-4452.2056728905645
26120.386858564299
-15836.253964322103
-2446.6341125778536
-720.92248547712768
25909.065151779989
-4556.5528786867781
-1797.3560985956651
-6452.8205900886869
18407.467707746535
19370.206743174898
4855.9387027592802
-5335.5612410659560
6128.0001267947409
10231.978713923472
-6790.5211144414770
6258.9218726112867
-6816.9301143934626
24842.633167593103
10668.650869233687
-26463.982013469151
29357.556160528500
1865.1437338031699
-3937.8122957336877
8769.4024500371870
2307.8639851376756
3801.0627122782839
-14346.379229418864
14872.107922160740
-18342.387533394172
12841.418514253868
-7863.6340321330590
9302.9579757717838
5880.1368214249460
15402.868447562329
-4284.5163900946118
-7298.4632032061718
-34016.094096005938
-21919.587761008326
27153.620513424128
-7422.7121394561182
-12866.672627120006
13129.999289416421
-6382.9972429200770
12502.182370562896
13862.053347132518
-4582.6208671798722
-10079.082972295597
20570.589578565810
-8714.0553452575714
5409.2398452078814
22033.457422441246
39532.074918352628
10122.935926206424
13958.593778244714
-10723.777493251187
-5734.4941239285426
-23382.692365648720
-10652.700766978878
-10026.550886418319
-56479.163517795954
2624.9275283624925
-28300.722208993018
2972.7359974203109
2797.4596919040155
-12232.209476354637
-4600.2276612900951
7564.4817782654127
-30452.646416002932
94.412858757362045
-14441.076739028134
-8954.5599798824496
-7182.2578812247148
4319.6251501963352
39318.825837040742
12727.979669685574
1344.4993437113142
-10070.086622276660
12143.573463322862
-3912.0540761641632
-11233.192322213425
-17317.066615737644
9581.4425750766513
18206.683107127261
-6004.7882648949681
33477.512056007392
12705.974109829385
1919.6363564594781
-9816.7219525863275
32824.616128526905
13613.914543156046
-33063.359555158531
40432.793631610381
-7342.0302966191293
-40263.335583081098
-6903.9610091565110
11641.631131793447
-11864.742297347753
-4300.1063022953913
-9474.6096786050330
11659.294761353323
-20638.971487919749
-18606.960186325934
-15594.705392645155
-1553.9048377436989
-13497.371187367411
706.32113702534923
-13130.804519799480
-8944.4613719808804
4059.0926684003152
16038.840819829980
17265.239040320401
-36252.605315641413
-7238.7673662334801
27377.414824852534
13083.515144884912
4244.0688439307332
33204.315074906233
2976.0810384179540
-30889.652176645948
-16798.405864159940
-27626.867423227584
-5184.4755388587828
2886.7862581645718
-5269.8103466274761
-10814.720789457037
-3913.9726452924469
5578.2445077815619
-18354.287930913077
-7393.0551939848956
26219.678335023007
21354.129899244173
25746.385219353451
-22488.119980633604
-24172.728345814743
21046.118786467279
3973.2642207707304
2712.6552407037125
6881.2430111046888
-7671.6121554066212
-11969.680018189207
22595.334741570525
4100.3398082406920
-9214.0761826698908
-38733.684225383739
2771.5054293965068
14733.143787839523
-21393.704126283206
18543.105046328972
20356.067043462419
15254.321346537041
-16189.194853626503
-28908.548060948211
-7238.1213599342818
-20886.346012908358
18574.543918025469
23918.972831326504
-4673.5452621110981
-2851.5780021777764
18084.803104883362
21278.475429593273
28608.925997537732
-13679.098349743483
6702.1256828446467
-8493.5703956290236
-551.23174275082408
-14255.292034638327
185.42372434945548
29746.722821706979
-27253.616759629593
9348.1890842012072
-3282.2396424504423
3481.2245122659174
-14946.449127742413
26011.397447151310
-8877.2498834529979
-18471.122570246403
-14809.157073812450
-35748.003252755014
-16088.979828371925
-22655.815042764210
-3412.4442801707937
-3936.0555536506436
-4519.2168691697525
27224.619818951709
-6897.0897951418920
-3074.1582101595477
-16181.824891349906
3160.8881906095799
-13591.225927256994
4310.6743455410478
29347.832657871055
33765.696754937271
-6676.2938021653017
2956.0497235347420
-6413.0969952398582
-17355.766533873531
-11485.052113037158
-16814.754981432594
34740.064579717706
-6429.4765684175909
22234.442405602611
-21862.459626869226
-12165.567768753355
7996.7218391250944
-41191.763452752137
-16072.463432089564
22492.057041542503
-15353.199948932908
-715.61709417713723
2865.2537834922641
-16160.092747518740
-973.01497022956153
-22090.902276542212
-4201.9321565403243
7624.8795900377609
15173.998243411917
-8630.3601324984393
-695.90955157915300
-13046.221684526296
-14519.058496498887
14965.808771702630
13817.079963113876
-28158.920099630388
14491.672860274557
8831.8506866318749
72936.477984186698
-782.09485208277886
-224.67131951464071
14896.078626661123
17243.101925302486
-40127.725281802501
-21715.900942410983
-351.68656583063080
-13217.322986133095
-45565.199599331077
-10635.901446799609
9209.0287884426416
31554.287774532626
-21716.358931969731
-34518.710995605172
8766.4189196161951
192.99925966641169
5754.8645661149721
-5512.7596468947841
-23991.261391758177
13737.178042378577
7428.5249522341355
-11626.259478512853
-8379.3242691734322
6513.6165048386292
4055.8293004144120
17335.727936809722
-19661.839840133951
-11822.234291490620
-3495.6150318136142
-5849.1150571622384
-158.95035925298725
6544.1866497863621
-2395.7953594691126
6988.6839745178413
29730.973903129936
-16612.588247585158
-19982.728812420668
-18427.194334643125
-17346.054017463222
7081.8017482229907
11709.194629517457
7731.8479358465675
940.08912066563732
-11835.082730608123
-20445.777039053624
6704.7391536372970
8214.4987936776779
-5362.6330551452356
230.20684605181489
-26247.356024531196
-62268.087623625848
15155.155682387158
-18553.497375315066
25561.431109894758
-17379.494610342044
-20627.115260743012
-1961.2801794659863
63685.353322613148
28235.512724922537
-6203.3485368873744
-13431.366377565440
-17936.747820251941
-7594.4519098980227
-15593.936366163518
-18091.060168882981
17765.111899797834
7425.9483094196585
-1150.7527877741913
3818.8621153722124
4454.6856304539242
-2058.7703098405314
-20140.078349057458
25393.184950021812
14947.572849425929
-2554.9579859642913
16826.558584537946
24860.242254633304
4195.8600962785004
21409.375610212621
10698.759075987882
-11466.620965841921
-10186.467947652944
-29120.366516484781
-11937.092482417544
4249.8116581915237
2098.9094876724553
18813.587734933284
48923.192580836178
-5479.4368023690813
27085.108905082492
495.42876743141949
18303.268659578025
-22265.675323135438
10604.787725792177
-4181.5685445243880
1756.2677052058280
-2242.4815314128409
-28497.425521533878
-46603.544618354514
-19463.945920201633
-9900.7158975623643
8540.7440969652598
-18436.496263113535
-16528.863298241973
-76582.252275581661
-62499.701525020479
22795.076049659936
-40910.904857725451
-20831.320421654840
69398.422859660233
6375.8689408922155
-14368.362131639962
-12086.817070293842
5659.7486179335938
399.02627720995309
-952.47021883966238
18434.754067619142
-19394.861342548335
-3208.2854816911131
13504.337257872556
-4207.9511385549049
-2381.8271983837285
1478.6551871844185
-3760.8757915710071
-10943.095420872542
17254.476102022531
-13264.675140443627
38763.425448756767
9131.1371915506443
-3520.2622299486939
-22978.954481866753
2707.8154912625459
-13909.194952221269
-10163.483122953459
11879.411889544370
16022.977679113761
7078.5345092942853
-5456.1429237190941
-11237.279617421491
6509.7193432883278
-9343.0524887388765
-35050.052748238086
60847.980897530215
-1278.3959603008425
-3082.6341172010443
1825.3865018233034
7870.7818378718766
-43470.255800425839
-21510.102806698986
18004.882913075155
-4980.1176058144210
24161.283146264712
-15774.962817319150
-1765.9833466019213
-2282.3016475848690
-1607.8928678036236
-3015.3375203452724
-9443.0257754239665
32936.101684947243
47671.642274761078
-20122.801289364597
-8950.5548430813815
-630.50640418886451
21520.496205354200
9639.3042734728460
-11913.111700934458
25037.567367382293
8998.5861383734900
51774.728205338593
-36493.260976012789
-12046.009339446897
10502.991716728293
-29944.776880077610
-3944.0761087776232
17548.384121537503
11849.078614793039
16967.636189452736
-4006.8291281664433
-9167.8227910348596
-5713.8433231341751
6777.2465380747763
-3693.5837526576911
-13903.818542192788
-11817.993290888420
8259.5115451229303
-11212.457959294927
-7297.7534366910759
4279.7376631493316
28472.080888737062
-46076.344670052757
43054.396469355008
15578.944880161273
17536.618257516115
-16636.652006828906
30313.173128250746
56067.912474061508
-15177.923389544820
-11338.935205581498
-15053.574012844363
-630.18869886733501
40556.522760337495
-9954.6445145823836
-9482.6072261247009
43396.560075871057
77124.037635198096
-20108.580989981438
21019.670535036406
-15591.959550745316
6479.8308429273638
3421.0395403430630
-5671.3094634901991
32208.300228891760
30231.081662831311
-34289.155852225122
-8090.8252205019489
8959.8790328416671
-2732.3001029168440
4035.3439272173341
4449.4606059702319
32476.932036415685
15634.617899078741
-8753.6009310922764
-3726.8416248735498
-22143.198525236385
-30472.595671542233
-60154.853228957763
-648.50530242396201
-4740.6476782015870
2424.7898211596930
20432.338180049082
1252.6510182966410
-29377.515418254512
50546.326568569857
4586.3340836937314
13472.532116443557
-2090.0682970228027
5408.9427736115904
-9485.6848030125548
13146.394802705605
14356.172427207657
28741.883707568260
4002.2310989258644
-11260.206549075767
-4716.9302803537757
-40683.454947127633
-6025.3966690679472
-1580.8472716594918
14270.962035654748
12485.480984507105
-11191.636213893555
-8131.2969411275863
-33115.779314422340
684.86973213321085
19500.709981038923
-13462.842871529514
-3879.5887797901601
-8605.8543556186414
-39973.718181363030
4999.0090122626771
-6290.8469861144722
-13994.332781644962
19751.995783117796
-17585.285944579206
18972.912727152307
-18487.349121427611
19878.125976425446
3363.9642235319911
17551.970848218276
-6152.2206912535230
30649.215357949866
-29755.146531599148
-9962.0896949236976
36076.115258173166
8720.3520897833532
18968.924426383663
45206.552446142254
17403.291686710072
-24011.692019041984
19222.970732529247
7725.6973365269905
18490.205645001693
-26096.413429345772
13338.201133539689
51909.092543593528
-36997.185425046227
-2024.2181250927317
-12750.762147659356
-17563.978001636089
4125.7413849763361
-10653.786228391866
-970.16565018609060
10800.271357693648
-8839.9812753635670
-35237.846952956999
22345.989946747723
-12209.196915034150
-13280.042876328946
-20177.551196254761
-14614.215882087954
-335.82457518277630
-63144.556092944520
3253.6417326552728
-6223.1284478651542
26269.419315331314
28117.092603425470
32272.083955875118
45108.735408889450
-65718.455326971161
36617.763239581698
-18132.221004417079
-22110.587587419781
-8834.7585862835422
-25890.515396462128
-33743.789508288908
20578.320044272903
10550.604813802758
-21894.316423648848
3427.5930086157655
-6991.3374189619444
-13619.706056312913
12969.284614474906
9245.0605560856875
-4232.0791543379537
-28738.978723135748
-17760.450831047568
-17415.150868276593
-35788.689511586497
12642.719759143789
-14998.428251330588
-10648.116402298219
-12342.435888593765
-9034.9260868495167
963.78026431729666
-17003.432452197005
-16083.273066272068
-15104.213148742465
14705.197314247271
-9912.4282968020325
14047.132018075383
-7453.9431525676018
18747.419489319767
31715.638989345465
-5511.9172691477215
13845.201008955182
-15600.688893830606
-1854.9614359854399
-11343.726133990787
40123.070720322357
-7835.3110771542460
336.08873286958357
342.69926627372229
-767.17260670745156
-5258.4138899602331
-7649.3794423172612
6887.2885692061100
-16833.100522327302
6118.8267992283354
-26808.127203649179
72354.539162461893
7172.9427420289494
20173.668424774038
35831.896208492173
-60043.184344988273
16729.976341236903
15785.737126924478
1176.7165429011047
2241.7337868034269
7577.7066339623971
7417.2479926953420
7119.2453569173604
26312.411813072042
31793.660068774650
10200.251007360275
-84703.211081348170
6564.3414721073186
48589.447731697182
-27208.339496067267
-10292.163613624652
48028.449186807629
40491.542461015641
10430.391183345226
42838.638913286377
-2024.0869798913598
30192.513499297715
11268.743126122883
22915.162493139869
-22584.525730852918
-11467.530386405288
-7388.0695985364864
-49965.506758536932
-3094.9831556605586
10358.529410455658
-11441.498522363021
-7996.9671669510171
31245.456303794228
-7472.2495696027463
2983.1276991877289
-15887.361564435410
-31861.152925455495
-1338.9268325631153
-3611.4862690964146
-20363.913621968342
-34802.127628890230
-4666.1206530564068
-36474.187634863556
34296.963383630842
-500.95283941955449
32725.217252873543
-27128.268474244411
-2818.0572785944405
36479.394419853117
54691.909538237800
9296.0028549809776
-5945.8061791975615
28764.798438539761
22815.245611564791
11014.667494586125
11510.823362904754
-8809.8400699789399
-3803.3927870599468
4899.9073617837694
5179.7100560436766
7811.0352710701491
-863.61528975253475
1123.0508080457075
1330.6355818627339
41967.442823747348
14196.003215228113
-32872.573847920183
27491.885064797356
-1912.9206017246731
-24458.038782264186
-5057.2756949351688
-15515.110643489197
-28173.474527770570
2458.4475166661209
9204.7500166012614
28122.299932164486
-15378.642541507661
-7051.4397364153765
-2970.9786300346964
2591.7735259297560
17287.965984125502
42610.782327617242
5379.5245068788308
8840.0520738909599
12164.731264601540
-50817.897711151891
27089.719986394273
-16271.738921508137
18817.194203457831
19632.952156995867
2326.8275915556951
-5477.3405399114727
-3473.8753213514938
6504.5624845066786
13813.130420894402
-1001.9242658214594
25551.379273142345
-6039.8605503238150
35357.211439196806
-11399.246212820344
13358.018580893395
20042.548171161070
-28888.603281967091
-5821.9248070970116
9403.8645638976759
12222.350061522706
-11843.132925043983
-15821.306922729977
30121.376451354470
-2201.8297943493149
-2036.3836902165162
-26224.191180019898
23547.631440181263
-5824.8148204412601
-36547.748355361211
-4067.0381827521078
4582.3907780736045
5938.5028261453253
4703.7274666555522
27631.805717972915
-748.10454160176096
-28182.335670822187
5811.2977224162578
25745.089502331859
-10917.212783868848
6482.0063280218628
-4816.3646041797547
13159.830371866738
11838.816190361849
16289.173938906613
55038.334805560778
1946.2719121155089
-2976.7536029325224
4665.1575971086613
-174.24137332746980
-3462.9119077710861
34702.301105371844
3336.3185945967066
2616.7654873003944
-27065.638838762643
-23180.680499962695
-37965.899796231242
-13342.526035005727
10539.273454439272
3866.2649549509597
537.59947230976809
9113.3477696878253
-15966.054772833264
2162.5625800023740
-29358.129702470953
6091.1318906381484
36253.029723149171
-12240.612731647221
50221.592581527286
-3164.2562640361166
1277.1234978782561
13095.766794972016
-52537.533747269459
-27023.492842903823
-39391.277961818472
-4360.9338043149201
7615.5410241994223
17249.483616016500
-30542.112344276491
6490.4922163783776
26130.627642031417
-26739.179146459490
-29034.975194889554
-11026.239595662240
-21131.947379984005
40221.381318799387
-4578.3384356056267
9123.7300863059681
41274.837394382535
7527.3565615876887
-15698.537313145587
-8320.2442137805610
1879.5271574354081
9607.1161597948885
54503.927563343328
-35783.408027261357
-7500.0582685949294
-12191.071229803742
-4836.2308945913510
10637.487624493877
25577.313079882580
-9611.8158120883618
-28221.869793460850
-32531.233216202709
-16713.675315849992
31728.240609938770
17783.608638197977
33284.454116232584
1481.6453201331169
209.71911030898028
-5535.5301738457974
-9502.3263019536171
-5971.2263859874620
-40591.528298214573
-5600.4335194186506
-46154.722129122129
5712.3098453874163
9169.8128062289106
-14994.495277008618
-5822.3802853324451
18471.499756973004
3500.6266791518669
21538.005603856414
8407.7295854210734
-17712.497197363289
-11981.481460435416
6359.6315056784642
16574.244375412985
-7631.0351665917269
-8753.6886477736934
-331.83413318162775
-2121.3175179271452
-2617.3282561087995
-17116.398701964041
6289.4740283605352
6476.5635547270767
11023.627384057007
-26497.151944808531
-19754.083793580310
2296.6552087843229
28187.132717719378
4180.8905879614904
9470.2485007196665
-17560.796594235857
1446.2840729822231
-2463.7272297572331
17586.195353283776
3752.0110670790036
31641.167103877022
-17402.855720427531
27857.223762677695
-29820.720997774904
-27721.724058704378
-1403.1794589775839
-17792.544966579044
-24136.570884031054
15490.022874036820
-23530.485177213948
-4454.4123652240723
7395.6605299587891
-1346.7793254556248
12447.318809167105
50735.992418692134
-341.75661596998975
3037.6713450377279
-8737.8446437505863
14216.597168749309
20390.339966338546
31165.830318348166
-47437.408694114551
-739.99039128153356
8794.9116883058268
-5861.6303460812769
-9779.4438288198071
-24829.185530438044
-17165.286789594949
-3388.9304010797473
-6506.3877758701983
-2722.4595239040800
30997.063014342635
51058.356842762274
-15351.568766486125
8846.9474484547773
-8647.3952629037885
14924.403786786137
-21989.451973903768
17666.508668046445
31087.583502564903
-3522.2091123299151
15538.941513086049
6736.4199715771492
5915.2921943011552
37894.925134941601
35286.324497433474
-798.63089953817257
3928.1962779650789
16091.863628883120
-7291.3447431201739
-5959.2288607080018
29550.522081159888
-15481.461694710126
2021.3554759100466
-16284.146949210206
33139.498988206775
33934.562664446486
3174.2973980928950
-12231.706946440150
12705.163764913266
-29752.011097546434
45215.080677849794
-22510.999179283597
17802.698988796816
-26051.444712184504
6880.6925368942229
-3718.5952356333373
-24172.007865265114
1592.7084649258065
-13191.082736830696
-16859.569338679918
-1990.0581589147710
-4332.4523362222208
29481.421835982132
10931.192297896872
-43346.079598566794
21612.565063305810
40297.562541496482
-2036.7757013212617
-31217.091494386448
-5944.0690978553685
39552.834371856457
13216.586438412880
-3690.2558804405694
-8391.7563025122963
-7647.4937699172087
12753.039911471807
-13899.296153540547
-9446.5551805283849
19183.667727592077
20866.248057044486
7226.4390986409135
7786.0550466678933
15766.235956284605
12324.589774403708
5023.6814147140694
19193.118056539552
-34246.141014726003
22415.231367709177
34971.249441289307
3649.6575993596844
-75.374961800889537
7454.1194319053147
11062.278300976364
16821.582431737508
-2836.2472511268593
19712.530469972568
-33143.419371593431
18417.661997689727
-10472.306849022709
6524.6193865558898
-3619.8005927057957
5337.1954544684904
-43908.683932079526
36377.690327592369
6022.0608329861088
48635.467346349564
-11059.251753647231
44744.056832413306
-2533.6168935991109
60266.978238640731
16636.953022412694
18471.422147904657
-6353.9126536638023
10919.825038857547
4725.1319159313716
4843.1393744971292
-4414.7279824203197
-25697.308856968084
25701.397808117406
5357.3412708229826
-6157.9355733991124
-10939.766223267507
-37042.356028046415
3026.3786365665524
7985.8914950290482
-6640.4905511205088
-16159.809739357263
4447.0416457126439
-2995.4745616875543
13054.846972484416
-3955.3748852529320
-11096.754585367949
-3473.4679013271557
2754.9269926552988
12011.406516434052
1656.7176732534997
19838.552086535281
-15696.184477468812
2182.2064435068946
23415.695797622648
-11385.890967076941
17417.673080561141
13937.542035160759
561.21898882053040
5370.2201409446525
-3690.5471392653185
-27996.413032271841
-7170.9278484644119
-18194.804760009956
16546.820575226557
-7318.1117430499335
-21642.685052959278
-10332.703332644795
-30182.490806560891
-9700.2058708655532
4621.3772485615236
-17896.996243899091
19739.410597238762
-3349.5929754183603
-15044.273821738412
4087.0438973073965
-16972.846558476998
-13191.263739380551
248.00721345050354
6737.1957581999923
4459.8133004553492
-3231.3321070120378
-1932.7109318465671
-28954.685833851770
-1331.4033088173844
11485.287527717386
-3427.4082880257774
5876.5542706912711
-8107.5070878286415
-22144.933205985308
7090.3778881007702
4998.2321831923682
14376.514223928631
-14522.492152425037
-25513.729875168799
3054.3068760622750
-25064.547626104482
11517.502169789745
7135.3846898373467
-32807.353790940950
-24461.208516699498
-50855.421958924999
-7955.6914734615775
-6624.3510630136279
-39097.534150967120
-663.76354392862470
-27430.809812003914
-335.51663883352853
-2390.9573849034373
-16360.346474195616
38590.408106019851
-1367.1762774347221
-9254.4484150406224
-677.63684157372813
18227.691133699591
1693.3758037351124
-14533.257083338120
-716.54838691449822
15491.443158672282
-17850.122732222168
-5084.8011417799053
-5897.2288131903888
14817.773785330372
-29347.046690150717
11375.220919692913
22835.531871838964
-4395.5401400291730
-26861.070690958059
-23712.405912145103
-4461.9808837463488
-13456.655748841473
4044.4086744196306
12911.356749309505
-33504.104989145846
2152.1272539875445
14645.902624021091
19758.597882519647
-9469.4922079790886
46511.903986506783
20422.210336929966
-10240.789952298344
-14713.384846229505
22280.409044694032
-50066.859526130502
-22395.989911032320
21766.331717007750
-1457.9518345388692
-7386.6183551230542
7482.9002017304038
6321.9070797214708
1911.3424808870222
39447.163115110277
10826.302787110631
-26616.519710822744
13063.578505288471
51205.408508427769
19666.657194950221
3885.6340584965751
8969.6017625520781
-16618.345606404804
20410.914071896023
9943.4021484619589
-4688.1764550778498
-18980.473442169769
-37406.961079700333
-1086.9049276052417
19245.036019963438
-8243.2093182305052
10901.198783136286
1397.0957887176194
19044.364281355829
-30488.848442105420
-16627.620388579013
-16215.543417344799
54492.244124542936
523.80884733924222
-309.92458781196461
-12944.762157896137
703.94280049785107
30572.510689106646
14768.143212468372
6288.0138528642619
-6645.8994642522084
11052.887585839189
20381.995113117078
4799.9559586441837
9224.5489634391415
-7496.1516248418702
-48042.601873250154
-31653.559256378026
5746.0060836824769
-12687.778893197650
-7732.9317795090710
-981.97541746589013
6801.5891580880889
-30978.951579882400
4943.9338432490094
1513.3496454613653
-2107.7741486029322
21611.205818921997
1262.2601077400686
41304.561678089565
9632.3990771336175
-48252.254914776422
13984.075858895267
17360.704242272561
-11991.218673555268
-6998.8515535816823
3366.0528859286114
-11610.792310035193
-1188.0453546220965
10313.783750304841
-23205.536309916115
-6697.4878804701157
-8659.7012929265202
-6253.3489891721074
11974.685620833221
67800.295234050587
-32779.942623401548
-849.76920367680077
-2109.2371465838642
-12583.063888945990
-3854.0105815098395
46756.237428153610
37042.087155572743
5746.4086584442775
4680.2737757000341
35468.142540349247
-23055.805357992820
-21583.658307257640
-368.78472033060598
-9018.3374989849617
54801.001057454720
-5225.3008797508837
11404.982514202356
-13905.893814222742
-5728.3141022424261
17545.705359391504
239.17643840939812
10379.883237357406
-8305.3120409784533
7200.6454863365980
-14844.697541581156
43390.856758819049
453.85039612114207
9836.7789104872481
27870.340461538468
11838.878103331688
35740.785432954268
-7535.3718896877281
11778.227480743411
6781.2765790673566
23968.514642340142
13168.055565973946
6068.5596876636473
21325.363558198722
-4451.3177273679230
-5596.1576075918856
-965.83404572727261
7237.8396761389959
47941.221903447593
-5697.2927403763924
-22910.446592791959
-35189.100006989538
-8717.4291255891840
17327.899201717053
24561.017997844210
-18972.514212591494
-8916.3079666475278
3822.5711202779753
3084.2355073681147
1346.8156131758651
15221.095609295962
23008.379177236275
-30369.727662359477
2233.5489564077434
-863.35066793000340
-15332.127712547284
15746.386820696711
-13995.293354362995
9884.3243945366412
-12896.154219794858
-25321.503400825681
22168.353580005336
9378.4826791502328
-5678.3583479668250
-25.770268583234671
4244.6063195196102
13634.775096157884
29523.249571370226
-31619.333162935294
-5031.2858608336328
11237.855910462933
29089.195381380749
7804.0512292285739
-13616.017490927732
-15389.875913830705
-1725.9725587769708
4688.9617968774692
-18372.047846150574
6879.7252660475724
-28740.816157365254
19407.500583044974
9525.3217987993266
-38725.393448830968
5032.8998447343611
6621.7810213511520
-6793.0110413770462
-8931.2122175676086
62287.666003858234
-19608.262725073884
11517.280957499917
-15400.117135427661
25368.812270990446
13115.464970045483
55831.112744945538
34651.544752127607
6965.2663996377833
8789.3169965879824
-17340.471848123423
-20775.830441877199
2264.3318295887962
25125.234515341974
33392.087500497568
40184.640050725677
-19147.097596151030
18272.029513031874
-2151.5092333696962
-40149.901642060613
-18584.382863148694
