-137940.95406699926
-98475.618912282473
-24337.260244972906
68310.244087829487
-101323.66483490171
-66023.392958662618
-163051.95209912182
21457.040016412546
-79173.989521916112
81336.731093801267
79854.699247672630
-143.15532988589950
-200700.20981492868
-39811.662792017232
-85867.995315358377
77220.692345652089
-95932.518841590194
-138728.86365047377
-100.78529155280631
-123591.57569585943
-90272.207758095334
4957.9483897768932
84974.434416936841
-35518.130673616470
52079.599110759802
-30475.879627772185
44386.362333955898
-68668.447689983499
-67280.126506642788
-108448.45159762858
-78401.300327586505
58875.937710476661
-138830.83354081539
-28185.033323715263
45710.164767705675
-24117.504657335106
137346.00791841073
68473.166778209663
129948.36484355935
-4498.5091220291743
21003.878656940571
-67059.049228209653
-169563.44904512280
-79908.002022007160
-53196.989524026700
-36340.172003998792
-50795.751773924014
24049.497125963517
43085.569085370058
-34519.724634630307
16720.254044079797
118053.07067991480
62947.567923642026
-74894.031616352891
30470.802949631667
-116681.52458471540
77543.526492725025
-48045.272931281026
113106.56278751446
-42488.616512960689
-20755.870651202345
-44498.071212540650
-80038.058174579448
88401.772831023889
-3893.9576352169970
30504.257026498231
13840.967077674757
-23729.529177404340
-10681.520260830537
-3332.0151197739751
105347.90384878045
-26513.503777832833
-42470.315864190699
-72005.262857579248
58856.964644904445
129375.16512878427
21100.947619159033
186223.84238685865
-127813.47769222777
-83715.396732394031
233851.26024683373
-141280.46864875028
-36082.119477989741
19277.529685963611
-106317.96583156410
-55812.645923680226
17196.591941943621
-113750.00029150698
-86661.601527637846
-80368.604375185139
-58039.396639544218
87289.968750984044
49020.374915707849
103724.67843213239
-54348.114832219959
181444.05088827416
-95857.399996954555
-5300.8182890961079
11896.338724528436
-62099.213116861582
-25429.842327321239
-129412.85177989787
36696.725100879288
-75245.845358411243
158016.09207358767
16633.704435432664
56966.014584863202
128946.98530931112
187291.48483496276
35878.203985763663
-51162.269243668467
105303.79645160555
94288.209556427930
-24473.893265902956
-51942.963642355789
-64103.112764198930
83249.098800600783
35981.477581991538
89224.647045937410
-38598.857770184775
-42637.784031223651
60128.602955108843
12375.890222617632
-96676.944276131399
70324.933333591747
207167.08207698673
126662.56537624871
34653.358089067384
-111743.01729161855
46094.643373403989
-188409.61074052277
-50588.400775559880
92861.018314731642
-12557.046873831272
-11764.552309301363
40310.029789009313
-140905.68732603535
98680.884163184906
-25015.541442535323
167535.99548712463
-21618.625990229448
47854.862165143473
-3147.9471863239014
-195.01146708729104
10770.566784180826
-32476.788397688877
-235030.68697937761
-75252.465894338413
-197224.35991463566
99141.344226962086
-83907.123997187024
36625.238252903808
2817.7192999311474
-18483.786757767251
-93017.976706438290
906.45093564306683
27970.472447456763
34311.994595774733
-59475.313469624525
67282.669130963099
-129172.49103328832
72990.209302133502
16855.576083769596
31242.761417634389
-33690.201884065711
73770.161625713590
101713.88524331988
-53950.660093518600
6120.4749743814327
-67517.611672433399
-20986.851439624952
-43806.195477466441
22137.329650890410
42702.610341420601
-131650.00022379393
-62639.325500993000
61433.698239270911
-69285.986571899179
-58285.434376866659
-63768.138675607450
171154.13343423593
-180390.39260041516
-147653.20711654972
93593.690979441992
-77644.303340862214
67737.911932489384
45061.345074564917
-53509.410674100909
-90873.889166429275
-32402.509675005971
42840.285924172524
46109.250642835890
-53720.620845899510
-124081.63203350561
99119.149775815880
58295.545311431531
-119981.63872754649
-87099.013672335539
-5725.0936022027154
-91680.966711603280
-11026.005162469455
-69125.978176140648
19008.721850611539
-108366.45041550201
20000.574994426595
162343.03472449482
116980.38251641054
95348.110335256395
-172939.90511736902
-18032.932987385295
-151335.90797293812
-43873.089429875356
92029.182623421308
95543.795627723972
-109870.44221132943
44497.381522256605
22275.233516448690
17142.412796873723
33740.282997801667
-56181.314959702991
-43985.677382214679
-2685.6013924652989
-8993.1223757080315
34634.292291477926
-15830.206965521893
-28709.150640365180
58719.236142883165
29484.517257672069
-22553.630142668389
-60425.673255636626
25942.442981155600
-92473.214981884492
70694.357168406743
41749.300403527479
-155751.52565881322
-90278.176229216173
-113782.00522977122
24414.250732697081
-82007.395275950854
-99987.511701760435
-162729.62918420314
23255.130895959548
-42826.345878709166
48629.392170730949
2742.1338945389566
51983.704159088127
-109366.73599176452
-112508.55582661493
-78885.795330366527
-183587.12440206230
66971.916874535411
31231.949429748154
71460.014188322704
20313.749043897624
-42061.364033273087
-60603.940306666016
-31038.074681677113
-84674.657886619447
-29666.187125335451
1980.4115507893850
87557.864374559402
15445.870508527201
31379.653743425522
-67427.400161398866
163293.55977581156
-180299.27685466449
-58898.966861100031
25008.139804849765
-30476.202221273023
14489.480360992959
-18348.233179345330
-68475.318911887458
140836.14544761920
-92440.483978708027
89479.075791767900
67647.454153477287
16610.633437908691
-10330.014900825863
-9578.3940771695397
-4946.3731265566612
-153628.56117372768
-84985.480461365092
-163903.54217870999
-34795.212353298484
54117.967703123810
-71263.167699458296
-77370.891816448609
-23001.496238528664
33903.270347515165
-35752.440975936777
-87195.227861702340
82073.502178331662
-112988.02683000825
-94396.254301057401
6732.6216226520919
-135949.01996269642
-107492.05270074410
-6887.2810336958155
8002.0630826151473
124705.78980711092
-6911.7022545687832
-4502.0431014405995
138046.10455046521
86284.020524534499
-22968.318666833726
41375.648013757978
-50.981406794783645
-794.70371353715427
76784.696536815536
278485.56055749871
118286.83060886363
-147711.10079616684
-1157.1625257692256
-58655.096346118466
23399.157362739013
-14954.638729139382
12931.045079878661
-14069.146366969288
-11081.060996124665
133588.99358199799
32943.465402135669
-889.83297599097216
-6651.2594951223273
-142.35329927105545
-28132.646708890490
23917.930807539862
-48149.885569262879
-63946.387939277025
113706.09241888110
-86684.091192349064
-39239.218625928137
33574.218531983970
16845.119652062971
61294.132627782419
-23872.692042986895
130872.99161586761
103344.10241152612
-44939.696775651682
27224.813824897043
-17096.094746446164
-9761.0759515725149
18461.658961915393
23930.650751564302
-18429.108606070855
-81966.671641624373
-41033.810126219541
-3878.6955133867141
-98612.257627451443
-16824.845940225241
29394.393988844204
18472.887853089422
50692.347159095742
-29181.262684727251
-6972.1839558393076
-7996.1357974141483
-13524.732664755858
1513.9836543200490
10517.298788216482
-20461.314088949115
11296.833186548734
-61650.097459766243
17643.709834025514
-30751.884253291886
41804.798881585753
8533.8410884899949
-124728.64460737610
-122233.56657400550
-26069.028221305947
72183.832434896962
14396.182409759753
-34391.470093221695
-25326.552159230308
21121.061852807583
188399.79115500394
-430.66222607337528
-6475.6754365835595
-78833.322216090368
327303.10900653113
23156.803439502844
-3628.9644547381877
15796.907562875012
4307.4704448171624
1041.4584065623669
-939.64485482981297
3213.2322736531287
-9832.5543299801102
6443.9753761367756
-300.12630794252107
6410.0746317393859
3544.3610280388034
26729.956098377472
-17239.317181027527
30583.348881228729
10213.633706703833
61691.320146420563
2498.7470114205244
50051.971851094000
-109486.93265537427
-9568.4545067392264
-8199.7955293118266
-210.70029503026370
63418.442782106104
39319.715277437514
-13663.693312388501
-20566.814289430320
-27689.492375096946
-2629.8782624655005
-16043.727764730887
114473.19154572046
-12393.829111677704
-10036.301403952366
42469.301079594501
36224.288863741378
26954.595322459762
20442.064158202422
-8445.8930962124432
78889.697134787522
-63888.745564663484
-16541.554668783603
-49993.531478540048
9033.3182369024689
-21154.152947188559
-1223.6185483659456
-6847.7725617704409
-3983.5512198318293
168118.45586346198
-15876.837036269544
19632.843926197282
59396.948797927667
-4281.3573114610772
-14017.480308608399
-21701.154551177024
14442.173081175728
12030.433075327597
-30122.576129553181
527.23754268594553
23504.487537955603
17413.617138509660
17689.979467534758
-6006.1888581997346
-18777.993534415706
-29744.496217474167
-19624.269857803498
-12101.190375658742
95459.429198035272
-29668.210179313050
-14544.985557190555
7602.5095070734988
57813.298937197571
25132.074905364258
157628.60919363488
-20822.094456091454
134113.99700578960
15407.098653276606
-6183.0855361424301
38092.570666095824
92.898031178973824
134846.07550344241
-86775.095326558672
-14428.311024016544
95508.588456712110
139372.85223806908
-17604.390550490989
4611.9348419373728
6305.6341639562706
86820.836086032898
-141252.98823520722
-76456.127164914229
-85353.670013029594
12546.021150261426
48264.254833036743
7997.5413506002860
132426.03583938951
-141176.70176446805
150376.56302268704
30313.661902439595
119846.48282201269
-81977.797529047661
54903.762367520365
120394.63206765591
144434.43088581713
-30643.270969915553
11578.992330279283
2397.4145783066824
6558.4508670774057
10799.931608052833
-56394.456788042342
4003.5063814101122
-3574.5749583039428
-108472.75948143554
-25015.175202894203
45792.515658272438
39406.094013578746
-10563.823508294683
-41917.718843649309
-36942.328789307750
-25705.931199857743
11096.744089084685
67820.079260675397
14408.945438962119
32865.274128370307
-74234.324362543892
2738.7031215086336
35966.907996473477
-34950.221360232514
38833.284344689644
2867.1651549640906
9984.9593278724387
-11643.051322362968
-23020.620011941999
-222662.26115271260
22774.161665628912
188416.28047270575
-71919.989518331247
122580.40631123331
72861.932146154606
-31380.161073053187
33880.163264543233
-33321.443416109818
2954.8439041122365
226160.75526946335
6628.0197529366633
87364.623383758313
18815.394894136589
11989.728711134563
110814.71104370400
-30206.334479025445
134096.56284260261
-71417.778759366425
72529.710999930248
37121.513421646290
-12477.314093723729
263567.47650399100
42815.028681903241
13553.474636564853
-100591.44426727085
252.57734794578681
5095.1782534020786
-185541.38713049161
-1645.5230725431370
668.05301036498315
-106614.40072143776
119607.45822105533
177219.13938837920
32808.869613422816
84372.571475586054
285.85626955754168
94478.935375557136
29060.663634159635
52676.580873113264
-48225.308140913672
4181.4553418978012
-24666.360581253430
-5827.2014075226398
-8138.9838103806751
-4807.5424316617118
-32378.689213776448
-19017.381522340198
82159.468233302920
10512.558455253744
-37273.158928179015
-35786.410774949443
33362.406120431107
-73977.199451371751
-14752.219867027272
47416.143879982526
-1636.1140469352581
-3627.4913003672691
56085.734681673806
33376.091870462238
-9631.9578383366734
149118.30068205326
-65212.784599185958
-193996.85963665336
78665.450165960647
-80497.039280711731
-1873.1133413406012
-6345.9885364877882
-37980.335549418545
56468.794146651671
737.86503614713774
-57358.482564572099
15120.228427616654
18544.901436184387
1465.7968540251156
96327.881674422402
13832.011946642024
166960.54874529183
-10167.805212452693
-1600.5755675400728
-24101.783146756399
92640.524652401946
691.87931419349411
15350.118077851472
89839.531692515680
76128.392846087765
-4794.6556440292870
-6435.3735841105927
37329.612839458103
51649.046427218127
-60866.951882529975
-50749.876058880451
-81859.975796699553
80497.752413559443
1881.9610009529254
-21556.949053840541
-68649.168214745980
-94520.484435232880
99544.145499565886
44832.466332493466
58250.573156039281
37089.080521453849
39896.594976003449
5123.5101710363369
53176.840592575136
145327.97795643497
-37575.532192726016
-16444.089233327239
39345.457853118976
-61926.327268394482
56788.611310203807
-169273.97129570099
-96636.274185243805
-29260.870787630407
-30497.064533146007
-44662.693877183417
153530.40020543771
39761.016365932068
144486.97907975345
-10520.546958663102
-75626.062322188227
82000.070112019166
40735.907248373158
-107700.22796081907
186631.86358876765
-50962.792961433697
-73446.587715599133
104820.50584028203
122572.09871298110
-6822.4706949073834
45379.181341237236
48226.667932264609
24970.299351896971
71506.666616676259
21368.138287530437
66188.248527506163
28644.581151235510
58242.259585907923
-168892.42243754302
22942.458389827199
-91361.782735783374
-30716.892740574436
79208.907065926513
109760.49879909307
-82323.544947740811
-234306.04279241670
84275.640905460270
-7443.1729213859626
-106483.28532919075
21171.048725555986
196431.00806749551
43581.048052482714
16239.549339593590
-12875.089409772252
-68178.366575273001
-11052.390701296954
-14986.952700742802
-83179.037333335262
76657.160954138933
-95097.367272518779
-955.81643670904145
81661.756940765947
40592.130327557927
-117605.92192654312
-24831.146784014658
170184.55180187538
37615.582761568898
-78554.509431206592
-25679.519466043323
-61212.859402402435
151624.07949033956
90584.613335986549
-70670.849044271017
-154649.42067632428
52476.116310500962
115655.74337446048
-23549.864619232674
-67414.358920894389
94867.496041186037
-39941.895831746791
-38206.493262629592
-57897.911888933901
-11714.764356894415
-32022.280117752620
-90881.497655330124
-60518.399840125341
44345.013633314476
-23642.002718192787
-50609.704355690905
-199665.63512398986
-62910.261547479895
-58172.016627678626
71706.276372537002
22597.370682301618
-82205.866563979944
158177.68524663270
-82332.477528129821
-72738.291656094734
135714.71543500305
50863.410406724768
-77361.537448907242
-19542.458955986003
37955.782997886578
138164.52928010258
284216.70612052438
504.65578832268119
50721.095841433467
-7472.6497047811745
-92572.270967413860
18727.266312563461
-96587.879749056272
8430.5815385049482
11774.418437819746
38577.103677312800
-6929.8053385111407
-43368.314087862935
-18722.738647994192
1332.4778886175616
188675.00723871053
30863.328774657311
-19611.517428182164
939.36854218396957
4480.1339408867252
-13635.792774597116
-85057.510868681609
-18427.757759228345
13502.746146304062
100575.98402629895
-52081.028624268933
-163999.18858277137
6211.0382012001191
-192569.89471840629
18935.137008638769
-118339.51240093360
29279.623274454319
98488.171097613027
20297.594454060738
-73927.634481288944
-152574.78991492986
58361.872124874382
