12813.501757968643 .15452317655841880
2125.3661405922862 1.0000000000000000
-66.827955356212271 .66213703047465511
5029.8771873170181 .31132211544160127E-001
4205.4037968426264 1.0000000000000000
6727.4647335765494 1.0000000000000000
5590.6671567888716 .58399279620482282E-001
30415.844934867564 .11635656199694977E-002
776.67586144622567 1.0000000000000000
-1076.1073072596453 1.0000000000000000
-7988.5429132680019 1.0000000000000000
-1250.7680605329942 1.0000000000000000
-409.69125087250609 .98536615387162163
229.67385066781213 .40519864262613103
-10009.908867184984 1.0000000000000000
226.29497285779200 .58293002365670177
-25797.211331939245 .92792201736946467E-002
-9684.3453431478210 1.0000000000000000
3420.8883068103378 1.0000000000000000
32308.715264523333 1.0000000000000000
619.58207891776135 .69565792309623831
829.80144778539216 1.0000000000000000
-61.491989991904411 .75720646793954738E-002
5016.1419864898999 .69382435518140920E-002
-8748.4135676745864 .15491984583771823
-71.391723870869015 .13807584165137499E-004
-3587.8711570479445 .28570203367805913E-003
138.78604400332364 .27036177353164770E-001
-13521.013230922530 .21876390776823240E-002
-89054.529543639146 .81770704165477492E-002
3946.5578135554588 .47144939506527095E-003
217.43772323823893 .27363707910549318E-003
111.43214326002466 .52756689382004757E-004
-1990.4105823553798 .25317380039016721E-003
-48619.363997702501 .11418455452334164
.51394805894737239 .27168705327902050E-007
200.88264453707640 1.0000000000000000
-25808.469063473873 .20267097132327661E-002
5833.6334711948221 .25628227763461431
-2316.9737633065984 .29982422498126865
536.87171856393832 .43767863132009953E-004
18663.168894531489 .15568596293771209
-2187.4893891928396 .51669366103337799
1520.9665390939242 1.0000000000000000
6182.4942540342545 .10005418991799575E-001
22265.904482987102 .99647380277237962E-002
-936.15503486686293 1.0000000000000000
2967.3839090803272 .64681678573734280
-28010.504719785149 .40540031082439018E-001
3166.3076020236317 .81516819038028787
-54934.521282092741 .44465967118977323E-002
-10026.090683060003 1.0000000000000000
-104004.58599066029 .26218766457709101E-001
8422.0709456369641 .48936595614282614E-002
65544.942786470448 .65817745009681683E-001
15754.501352226676 1.0000000000000000
9166.4630655518176 .39252885699300251E-001
-30056.965493777574 1.0000000000000000
631.54477502259238 1.0000000000000000
-4104.2737422254258 .81951340662447636
8726.0249407184892 1.0000000000000000
-40813.444025662990 .12355496867847537E-001
1314.8881209952895 .77893718763089148
-13570.081813176550 .22442664701596549
27886.870032470215 .62670095523861946
-717.71235481928466 1.0000000000000000
218.58508713858589 .91662672026136938
-7608.3511986927842 .70496491135296857
37871.049524812173 .32228877678120993E-002
260.31564787754326 .91690868085336263
1687.1959864711841 .41730678627371516E-001
-25921.872765170141 .21035524529006699E-002
-11214.038182711125 .76852943947328833E-001
-4122.2542311078723 .16458211872672690
8.9979086411842584 .12304708400148212E-005
-620.53039317736682 .58064003291844446
123.99901342074897 .95394554977029644E-003
-2070.1756214119800 .17423418747591901E-003
34757.226252915360 .72713092781670374E-001
34545.050397242318 .63153968306696173E-002
-17495.109379288690 .23054637632311525E-002
2806.8907318537931 1.0000000000000000
75074.914399937203 .62245251302483054E-001
21268.920963494984 .30584467430891032
476.31515822465974 1.0000000000000000
5172.9088273777461 .66579530193172620
-2636.2781391969083 .13898008451914742
2379.4818855089366 .93595382688428774
30021.951292316517 .63226317741846838E-002
-6462.1219354836558 1.0000000000000000
107627.44289925638 .59011617420059392E-001
113824.32708154088 .16515909677766444
49.698708473878078 1.0000000000000000
23.419379440982855 .17743539438841438E-005
-2592.1006495080142 .99598429515598830
-2372.7834338727462 1.0000000000000000
-5831.1640187815547 .40125764827491317
-3536.1809079094351 .24965136265954929
8013.3806204473876 1.0000000000000000
-9944.5426979320146 .62739256105409117E-002
-17092.668130248414 .14727789332558139E-002
-.90082398315034465E-001 .37167484077398741E-007
287.50341254796160 .28250242148475380E-004
-13872.805322433118 1.0000000000000000
8385.7681801736617 .36888412851993069E-003
-3367.5263015126238 .88543743055633728
-3373.3497988224544 .92655186688356794
687.44514981091561 .43764875909483292
10865.099263460694 .73129230875618179E-003
3845.5344128147426 .10704095838809846
213.33789219111256 .23898052716166739E-003
-21683.455176831249 .92374865602164680E-001
1535.7743096070365 1.0000000000000000
-13520.146038170733 .11538634613255857E-001
-23.348465220830434 .12627484929441383E-004
-35865.471931330561 .13927155846388523
-3096.2441428805605 .12531868393308054E-001
-41548.064427693404 .32274049625018675E-001
-53407.147508273731 .42072573733683560E-002
-23756.728984726480 .44511245981080805E-001
857.54888119258669 1.0000000000000000
10886.364025494038 .21501757022033541
1280.1694399832202 1.0000000000000000
-39079.042420832629 .12746738145459680E-001
2142.1450410583602 1.0000000000000000
45975.251940574446 .71403165484807962E-002
-19186.740217346454 .49441983795268263E-001
-3738.4524444388890 1.0000000000000000
1629.9358748924810 .86469625031646546
-24154.739194732651 .28637575864661799E-001
9665.7104514110961 .10391061865925866E-002
-651.86646910284617 .97503268546041522
5720.2514595500170 .23338842771695395
2843.2267879630585 1.0000000000000000
-808.67062902456405 1.0000000000000000
-6016.2793428445248 .76601331209300016E-001
218.12449052677763 .93807637610345784
-556.25562588362345 .48966289816598785E-004
2887.6639395192137 .30580236432593355
-8040.0603029889126 .23291848899843909
-597.55610617795855 .91023526034214153
-34086.584668932672 .56055819323706313
-270.51530048524938 .63195172476978418E-003
23579.663384716543 .46435680632904153E-002
5202.9721111359850 .20870474928919580E-002
32790.091143612262 .23309397676563132
11621.420975878515 .70108221131036097E-002
10374.609775563298 .90228491166001201
-55414.071061600967 1.0000000000000000
3957.6548204159594 .67501181829307533E-001
52833.913254869425 1.0000000000000000
-7207.2405700304535 .96540567486596185
-106.56895533207015 .15388601565462512E-002
16434.964928280948 .32991870957960190E-002
-1703.3905943495761 .32991870957960190E-002
7226.7480944221161 .13401643818117703E-001
-2060.6062610964714 1.0000000000000000
1557.1744221683477 .44962856025342335E-002
61879.288378174431 .14486609678113427
23185.048312373092 1.0000000000000000
2741.1772782799262 .29556602689160599
14491.596585193563 .24745528435231479E-001
-17978.602684724043 1.0000000000000000
9462.3805525626831 .17415873537298399E-001
-46380.723358178038 1.0000000000000000
2493.7007828265623 .84399227626524853E-003
212.78527491515928 .33350609028028622
-357.93628153778343 .33682297780860460
-21235.571029353810 .12364273935112480
127093.09693768894 .10053470743863535
-16168.321198986789 .10633177184450460
-38749.374274271941 1.0000000000000000
-5728.8612719621196 .29090861356045217E-001
-18257.319641621099 .70429627483948820E-001
-23496.171180218040 .28171802017352521
-12571.951414242076 .63958910865168916E-001
-249.13975637183100 .13504213669979226E-003
-88227.492941095552 1.0000000000000000
15885.843753199732 1.0000000000000000
53583.190676015605 .33566128054312583E-002
-168039.82208926170 .14055595239491969
-49671.255322391866 .20649246362516710
14067.713381521722 .69541312835847413E-002
-52919.220749127482 .24832969630591561E-001
-50726.949987105676 .20511152508619973
27936.022310463868 1.0000000000000000
70612.581596770338 1.0000000000000000
4562.1406668270047 .56442628944947626
26689.837247736414 1.0000000000000000
71988.171255167254 1.0000000000000000
89401.385969213778 .49246120398946748E-001
423.90570324322471 .96925542265228026
-1542.7986379829847 1.0000000000000000
26925.866548627600 .99458946592745900E-002
-27411.697871534783 1.0000000000000000
6456.0870066400112 1.0000000000000000
3577.3894671149392 .16610087432875134
4907.9230988903946 .51032219306275601E-003
-4648.3349862930945 .22469629290027326
-4429.1669355535987 1.0000000000000000
