-270591.81887674140
483488.32131838117
-246397.77974837212
1464427.0947741703
4228035.1778258253
1126731.5983635706
1678203.8240067000
-7105592.6564241135
-2918179.3622302692
46744.441973744659
-3245454.3856060696
1591005.2724476568
-297097.20541111042
-1116199.1000562450
1363058.5472200641
-720998.81499043584
410486.15524996183
-324273.23072939349
47544.481051137402
872252.31571571634
-131052.20782489426
1949805.1595434560
1057544.0738527137
-320229.44634482200
-2395115.9048487330
2291565.0378898070
-1483501.4199367973
1810726.8428347805
-165269.34193381504
353646.05142534309
