-1507176.0570408725
566017.14306720637
1500071.5549969275
-383078.55089921824
-1052676.6335996171
-1421510.8164007603
-150471.38832960068
397120.57638866501
953928.40227306844
120560.18047648924
833813.75979413418
611840.77706530376
1028859.5002471792
-825465.93483765400
653759.13276080345
-28904.838829043321
367314.77764651610
-2636576.9677334661
1316094.0365824339
1187.0392347914258
150350.11796498677
490869.33885725448
-972134.77731628367
238429.86186242712
-377087.19669388962
-41951.882589973975
-277474.91534010746
-263956.24859839195
4361.5942922207387
85408.021567045449
-106675.09670402145
-155412.87143373396
-273936.02115206007
496218.57584379439
657332.37576948025
