-22814.921952353805	.96033297926283109E-001
-955.61440911822012	.71537370942008904
-9146.3933898210053	.71537370942008904
4190.8669868562847	.71537370942008904
-3719.4880141439021	1.0000000000000000
-18997.825994564399	.13424214038300569
-12421.870807429881	.59378175760086638E-001
6566.8197532626173	.13424214038300569
-427645.69483426580	.79710534060723360E-002
63803.710551328935	.42477585852091194E-001
-1853.7698378934595	1.0000000000000000
1864181.8593485411	.33658202543528359E-002
4785.6468190248388	1.0000000000000000
-746076.08055603073	.14404699245016805E-001
1021.9942630948165	.92391160576436504
-426711.66085854045	.32994510837828228E-002
59498.563956197751	.48971562537026780E-001
164382.45285482801	.69805049738463443E-003
148482.33811985358	.88178601071610185E-001
-551502.16226796631	.46766938207133457E-001
1096156.8914787064	.16008350212278932E-001
258911.99841617537	.56319024141039840E-002
9309.7816145012330	.82029038255404341
-5272.7489192001176	.31785551181034710
-22266.227651171615	1.0000000000000000
-78076.254853501028	1.0000000000000000
-2452.1206766059304	1.0000000000000000
-3721.7643063933133	1.0000000000000000
903339.16998285288	.98548811678634607E-001
-6090.4247373981525	.13404823539120425E-004
-8529.8581975785619	1.0000000000000000
636688.40494393755	.13763211737157166E-001
274254.80205806735	1.0000000000000000
-1569.5886441609937	.53322108367916954E-002
275522.63863078359	.61825038284952782E-002
101987.14571334484	.54156220084123963E-001
-241540.09425557120	1.0000000000000000
-481099.52361968101	.83221676508511422E-002
511991.29281672044	1.0000000000000000
-54361.586925708027	.13416490551781401E-002
318802.51425873651	.24358435063151020E-001
2324.8830376743326	1.0000000000000000
-316707.14984759717	.51529787516541081E-001
-4565.8797322637165	.43254719087139056E-003
-524051.27502357174	.68660122425488468E-002
71596.598161782575	.19422784316163044
-609066.01981068787	.16695691168576332E-001
249683.23253908349	.13631325927991472E-001
2697.3745408853092	.89213478028249660
-7399.8954376392412	.71232203167653841E-004
-227334.17395618002	.34302497107308039E-003
-1208961.7552707917	.13755865347093095E-001
-26480.948095206055	.21008292481227822
-449666.45869331365	.36212447108593129E-001
-460492.56978460675	.27510412622721531
-15257.784405073429	1.0000000000000000
-597.54952317661036	.94984500359551749E-004
21266.732488294187	1.0000000000000000
1288073.8260777299	.80386715654869878E-002
-10599.294317370581	1.0000000000000000
64777.523765998842	.35228452528152282
-1338191.6200347415	.63750643430968684E-002
-129602.43613420005	.59580002578046853E-003
-186453.91661647079	.22822163601915524E-001
-1410036.8319801327	.13669519438570810E-001
-280108.10677801358	.31343481174152354E-002
-1350690.7242549188	.33700645494433301E-002
-499486.80969464337	.35876599885242455E-002
-374450.18952010758	.16561527263244058E-001
-18828.285733455890	.51014095773622636
304319.28930517822	.26897150917987424E-001
4343.1758969049388	.99949748344701395
1751.1186895226574	.91502884168056797
-156831.65340419568	.57632653599041933E-001
15723.491173969824	.24145514142582547
211467.86361568177	.27844251130974168
212128.84957167151	.25990761899692111
666897.60784560046	.21836923340097070E-001
297573.23026587948	.21184652976750457
406286.25265308656	.26406163230678098
-2799482.7683538850	.90363186541235208E-002
610521.77987517603	.86306471735936481E-002
-1003095.5580908800	.10228968312640822
107933.49057472005	.27076965332696940
-529904.21720334305	.66964771721849781E-001
-98745.909239588014	.95495273933917013
168194.95378153629	1.0000000000000000
4614.7152168284510	.84605512652995507
-204899.08455773536	1.0000000000000000
-63539.662822191240	1.0000000000000000
-32604.591827370306	1.0000000000000000
1384568.0931190273	.31945013813021184
42724.786325288180	.50972488646155378
97374.468664918211	1.0000000000000000
638614.64771523955	.73626490958089263E-001
96837.788609370386	1.0000000000000000
-834544.18973945454	.34718191552640121
-637166.25466519478	1.0000000000000000
218857.75561878242	.98749090562545572
-99093.755198490908	.99000398073457019
806519.79833119281	1.0000000000000000
-183089.81839440187	1.0000000000000000
1477526.3408787143	.46405114323338645E-001
495448.31107074808	1.0000000000000000
-136713.61777393229	.73605316555511102
37730.975378606010	.21595181636931415E-002
-27797.962081450172	1.0000000000000000
-437358.44279919669	1.0000000000000000
40636.867298893703	.19330842500449741
-323949.22677236353	.96665593216097856E-001
-497323.67333506700	1.0000000000000000
-8078.5456536044712	1.0000000000000000
46688.864699720529	.19191743572533013
70268.285512838527	.47212095821872319
9568.7777496311846	.76135498932239365E-003
-301862.14040034148	.74542055578096988
301242.48472827516	.81851181953792085
-54448.625456161179	.49038129183738566E-001
63864.644481261028	1.0000000000000000
-60586.399062204357	.10209318958977703
-42435.779369791373	.78645734382952237
-29856.645541188143	.36128017729015915E-001
113843.67812987979	.29065358632067329E-001
-48819.527783313206	1.0000000000000000
754147.60465823824	.22149538447957733E-001
90046.768267765859	1.0000000000000000
-185081.82779768365	.94549240352114794
-108468.79197715112	.99132835587186952
-141243.66664287946	1.0000000000000000
595647.39652593387	.44150361638913005E-001
-173468.36797486778	1.0000000000000000
164706.23971693084	1.0000000000000000
170762.53029052768	.73686150160512764
383487.53771331767	1.0000000000000000
185548.05390779139	1.0000000000000000
151728.55321047505	.33676152333844611
241585.21143733323	.33928346340365956E-001
-32860.705761730256	1.0000000000000000
-34523.139619579975	.18879574686272599
-541109.67223520670	.20072578127785801
-35804.139618298279	1.0000000000000000
15903.196871447804	1.0000000000000000
194276.66738811973	.66083687421810244
581895.93314413971	.75692094424828826E-001
-12644.551632616598	1.0000000000000000
-76248.013638808232	.34858802776969794E-002
25749.647172320118	1.0000000000000000
-45985.692546322483	.48098520522755195
-561275.38585452153	.27115583053339887
-12196.862846366208	.53336458056699287
-545528.12304869317	.24090965151634744
1312265.4218190759	.20206958349406501E-001
183345.90103932773	1.0000000000000000
4536.8146545511936	1.0000000000000000
37023.301473517109	.20730611400289756E-002
2544.9309198514998	.13251058437008245E-002
-270295.19392359559	1.0000000000000000
140434.89453204477	.67543073619263372E-002
113894.67537244404	.41175521154839578E-001
-4585.3941117672239	.71952183332186170
110488.79724179331	1.0000000000000000
554791.10326358804	.12773070085555782E-001
-51304.165146524734	1.0000000000000000
-118502.47057539233	1.0000000000000000
-55312.918927736202	1.0000000000000000
329518.39214864839	1.0000000000000000
-60787.615347817118	1.0000000000000000
315.59804770172053	1.0000000000000000
7161.4341449784488	.73881309921963956
994184.35524588462	.22030538977210801E-001
-105128.26754232441	.11253329139853663E-002
2887.2293408261621	.69666159600307564
139269.87407460593	1.0000000000000000
-763765.69632082502	1.0000000000000000
-7746.2949010133907	1.0000000000000000
-45836.648405656582	1.0000000000000000
-993426.21590768406	.12587950085765132E-001
66839.427994427620	1.0000000000000000
418031.87183351337	1.0000000000000000
174239.53749151647	1.0000000000000000
-150013.27032093590	.79429913386221351
-12988.424314391264	.95937354219329518
-341405.26134173415	1.0000000000000000
603534.84941409586	1.0000000000000000
57867.604080634839	1.0000000000000000
-196257.40562465027	1.0000000000000000
56518.233990384520	1.0000000000000000
-160452.91322720802	.59924554060042090
202287.50335065846	.99261301652622569
-403447.26143903006	.13487015263624436
-36039.869533532401	.53430832360381852
81580.736486519731	.81584643826736247
8668.4098165687101	1.0000000000000000
-20475.714797531662	1.0000000000000000
-411326.24965753441	1.0000000000000000
-17271.725925205770	1.0000000000000000
46846.356672134643	.52709207679201842E-002
122829.82380079186	1.0000000000000000
184530.59716256932	1.0000000000000000
-594767.01232330967	1.0000000000000000
