5162.0597973348813 .96819114574139742
405.38375749216362 .95013341509736149
36723.572229367637 .96794492877397720
-5912.7656731805655 .89410239419108406
-500062.77603900427 .13627589811085786
-33514.196025219098 .96762012007449105
557292.80186665803 .45026848184412938E-001
-67407.011223443857 .97563251090218062
63686.370338653796 .28139396592039623
-1827747.6627267075 .55820505419935107E-002
-20803.886537692513 .69177555017738927E-003
73778.581893483628 1.0000000000000000
-19161.850039350189 .45713121713825100
-54273.404068741933 .59544505397927627
-34487.225919576114 .22532517038739732E-003
346100.47489520488 .46986342214274546E-002
-2486.3421590879257 .62415001905519882E-004
-32537.431151875277 .32117059923329572
-274579.73735868477 .14511512980651836
-60.182509437084100 .23489577088975366E-006
-263142.70681096468 .17849943745239027E-001
-76748.622122323359 .47261410589204661
763280.46740538778 .57037717655611268E-001
3801.4104398511745 1.0000000000000000
243812.89726002232 .56200512939162395E-002
259357.90402844790 .33393604835061774
-298951.94532333349 .40330449951360703E-002
386106.39308672067 .85638614863699503E-001
-552415.83797517326 .96525152063348774E-001
-8319.8091292892368 .33724689044345446E-003
-17042.663081054819 .90384176115907500
-151822.22638078389 1.0000000000000000
32034.727383073718 1.0000000000000000
54787.607159244515 1.0000000000000000
-6381.0554152428595 .33724689044345446E-003
-14945.853896103667 1.0000000000000000
40696.724674606434 1.0000000000000000
-45486.662503644337 .91937507593611523
-26471.848506596798 .91937507593611523
-28594.951381801111 1.0000000000000000
301572.47499624401 .91937507593611523
-53819.454163071598 1.0000000000000000
-32105.657375570630 .96646523829121400
74647.773948895730 .45243300490887289
-2870.6290923015113 1.0000000000000000
-48933.250446137499 .90280886115108705
-125815.26317592882 .28990779937702771E-001
-322365.10295015783 .52391160011744375E-002
58035.239339753236 .52391160011744375E-002
-132527.86621879737 .97775385483085842
-151551.92132901380 1.0000000000000000
29820.443547452138 .77692553555414046E-003
10208.198149942267 .77692553555414046E-003
35303.322984955579 .77692553555414046E-003
-19532.904350287183 .77692553555414046E-003
-55097.415948282767 1.0000000000000000
14038.732175378756 .33724689044345446E-003
134258.34640314116 .52391160011744375E-002
1074.5568504866692 1.0000000000000000
-8704.8685760436911 .10246419023480779E-002
6356.0684927684679 .49830101546905392
31503.330907860978 .43848814915720125E-003
-27199.479226885578 .51576003085562760E-003
-73095.467947572615 .19372701160032535E-002
4941.4904841278367 1.0000000000000000
50620.109593561152 1.0000000000000000
12455.615230568246 1.0000000000000000
-3942.1715044787975 .89120534246867056E-004
855958.76772401435 .44508976997389760E-001
334325.77081329445 .15194715122461572
27349.770282314777 .88582970457134180
-206342.59744019600 .38925812166088658
-75906.503125243660 .46976661259690022E-003
-5074.9133783222114 .99591513664717835
-127341.61968381413 .87462603243588899
906023.41108831891 .16281380633155287E-001
-196932.76386318542 .17223689322103153
97310.248896373785 .17223689322103153
-518937.55352966260 .44258361762388787E-001
-68671.371720097508 .29291628662377334E-002
24054.102183161493 .67010595244826687
446.49264610972779 .86118420334747536
-8926.5432992091537 1.0000000000000000
52365.693144112978 1.0000000000000000
29847.985455138449 1.0000000000000000
-37257.794416819896 1.0000000000000000
-152676.12230932870 .96959509830275481
-594890.41694937542 .50871880654908164E-001
-49404.711353483835 .19440598079784083
-256869.13856099479 .33228192322668601E-002
4504.2971793253819 1.0000000000000000
46961.532050955248 .12179473945453861
-59472.474485218961 .65264380572697744
53877.174475452543 .69532162575602252
29642.011020720394 .43882005237703225
170697.32393156295 .99472384899911148
106019.90557125579 .69082767864316319
-570.26771797816764 .99833962231754592
-147781.91156895141 .98813655315544424E-001
-2857085.3267059457 .11657471550303141E-001
375939.39379047905 .16722144129816818
125146.12795968875 .82990950925782880
690393.85103354289 .74789842552327656E-002
-790284.66298807296 .21498252656536154E-001
170.40084925838289 .12250969046445626E-005
186.77105068667632 .39753034148659605E-004
437743.53309115447 .37965795683745640E-001
-158801.25366991939 .30855893780541199
-370608.41097726452 .39809991074009621E-001
-616092.94412185904 .10336737754683373
55952.732858169125 .15005615943734039E-002
-181020.05141614412 .44949092577221961E-001
221772.86601814601 .38521268703582306
-1336.0068647124012 .56717586170551865E-005
-36958.858343735621 .48804281965204449E-002
316003.24957249645 .23592209239107459
-778940.48834505107 .14231286197744941E-001
-309386.10879515839 .21025052033158054
-476500.95347122953 .13409629617989749E-002
-333313.25318443537 .40171622510335625
88888.945540427798 .18555232312266190E-002
-34685.560755125334 .23164089961182910E-002
-775818.55378603691 .11380628529319037E-001
576503.66285656299 .61928657130932430E-002
100522.18292717211 1.0000000000000000
-35715.723081592376 1.0000000000000000
-42388.271438859469 .67606131723310525
18348.824948620317 .84463407587553541
-21592.561949299899 1.0000000000000000
16427.898768134306 1.0000000000000000
-291562.67273229407 .21030589194678095E-001
5338.0088949006895 .96370445722680853
70346.320853030891 .95215710871640069
-45190.405361101533 .55778426168829209
1186783.6492227151 .85490983854527802E-001
1687.7498891576117 .66701754212759368E-001
44331.291612929956 .52639589466992787
71581.241167692206 .98012817962359611
113.68781277917233 .17864030431580247E-005
603739.26878663374 .12760858613312315
-11579.824769088958 .66665715961393712
84489.735658167367 1.0000000000000000
-142085.06703587883 1.0000000000000000
38175.716774761393 1.0000000000000000
-12937.710373518694 .24396721641238350E-001
35471.216143494625 .67547127948747232E-001
-718588.09964990022 .40845558627219281E-001
253802.25146768926 .15499815820736174
39588.015940234305 .25296178194339491E-003
-9048.1987658554190 1.0000000000000000
-2588.7209720810984 .11777177750349072E-003
109478.23128167322 1.0000000000000000
-18255.246804252223 1.0000000000000000
19644.025232290471 1.0000000000000000
84079.195706339378 1.0000000000000000
54153.317325912147 .47912154361687952E-002
163980.50072618658 .33981546989667044E-002
20789.964226796674 .30976176035637992
41753.692339985253 .71994041723717694
454940.68818814761 .15228741261328838E-001
-425030.59525003150 .18003185304975472
11819.828813981730 1.0000000000000000
-7661.2827712583758 1.0000000000000000
42957.263813825033 .66915697939528063
-237375.63187690818 1.0000000000000000
-24994.262473784624 .50587875286306794
-69131.138698825060 1.0000000000000000
-300510.91538485937 .89271353575370860
147221.79825091179 1.0000000000000000
37875.001944840114 .85232009690084243
162117.07931568715 .97100875598948311
89373.484877107592 1.0000000000000000
9255.8178454259323 1.0000000000000000
19406.089768582777 .92580060533307806
24025.748266259718 .96730941210088095
100838.51996702972 .85820524155559519
-40882.825357768488 1.0000000000000000
-60409.713574863788 .95979044099230315
-10563.442466727107 1.0000000000000000
-271501.91627445625 .73640250750781622E-002
7327.3970144426621 .20838146943485958E-003
1081266.3936065352 .42070477856575972E-001
59834.873645453990 .59559747642015515
-62326.145107841199 1.0000000000000000
77367.807260525791 .78673800680818706
51250.070965831823 .99768088357791451
-27858.985510884835 .96321951051934895
-90345.143633275031 .18299751252889679
-68323.926868430251 .89919480237362837
21755.747544076625 1.0000000000000000
-27868.485541363643 1.0000000000000000
17560.882622424564 .42548067644438477E-003
-10056.010430023476 .35756741469741771
-607743.70218808146 .36966509060057384E-002
1274.2068106458441 .95092873227303476
-57959.441910498288 .82778754988236991
27937.269561245481 .33688230662131097
-14881.226099187847 1.0000000000000000
27846.149575246753 1.0000000000000000
-632384.60503882368 .21604556870300478E-001
