-3900.4014768813249
-11411.471704883714
-56733.016073456427
-71515.272949148362
28236.436801318170
-6066.8537070727507
9530.6657026824323
-21467.589924290864
4780.2972564600950
-2512.7983338082649
75356.708433251712
-312.90714556041246
9571.7255926975304
-54133.698569691973
-42565.258634964273
-47334.994858185237
24730.602591689549
7961.6432491497562
-2313.7211513719813
19079.559032094992
-58932.050480328799
-13185.445460049703
5070.6379181418397
-35028.687418225883
-15717.826186885646
3702.4905548891638
-231.97133922230768
-5908.9927673766078
-94.054204800362896
-71533.938414277422
42028.432258128625
5137.9803242646340
-2459.4012139437386
-14468.521748093557
931.20887838267879
105432.58928631633
-46104.936601328780
48576.113518382066
10541.075103367139
-8676.5298353974740
45562.380650741798
-165207.84675789296
-38545.367551665462
-109375.54247268541
55983.164218879196
128180.47822517944
119025.75812716008
-3259.1430221281826
-66661.492232776625
-29518.185625138609
40818.012708498543
-1507.6586851880213
-18635.654330342608
20778.141776588862
37908.345379711260
986.61337532852554
-10911.630174439699
63876.570433822737
3324.0214414651664
-56376.206803394271
41341.709486713458
46818.578421848310
15136.419006978440
-10404.713047522553
-12767.859917796764
7713.6771833058738
-9299.2044585955337
-1071.3289557064727
1425.6927544200687
17692.991659304349
9450.3247261912602
-16501.296224008394
-69596.556435461127
-15618.537300404694
15909.936158877425
276.68534558273842
-45185.574490257517
-13087.449034939822
6851.1938843441330
-236830.45558644790
43304.672829541465
-9254.1686121422081
49080.873765915690
8950.8454734275056
-44251.959547783124
-10241.674958181962
18762.829381693864
105086.80387953272
93633.720276313223
53863.282853426324
18941.082939627362
9759.1393429918335
-4484.0638894198164
409.01674958432631
-11507.487631531232
-293.45606621670959
-7355.7257459462417
-5695.7131798907831
-2161.9764902892534
-2594.2630893966671
9696.7048122172473
14964.645560160496
-6216.2084685094114
-8664.1955325084364
63267.037711565070
27681.076143364691
-13683.793299508110
80656.454569899695
-30048.513461058406
11437.113717650163
25290.088146610855
5379.9797112403176
13080.181178317427
12017.829279772392
-321.89821990291307
-1268.1390808993192
7314.9795908709111
16694.413894564968
24358.394689296209
996.62794911419041
6986.1200646678735
-37958.086761470047
37879.453269259648
22487.629113840445
-24351.508867973429
28942.911332079653
4472.1510416276697
-25984.169775908918
86169.521909793024
-4166.0065026904467
-1271.8377430890641
1195.5058437952678
-31896.123933297782
-16969.674073094830
-39693.516882271149
21289.459009240385
-37041.545703858574
-137217.77610483789
45629.188867506979
-24359.860006605566
-72405.438448819215
-30056.864313975322
-5479.8674391755449
38245.733309351766
53844.107725498543
75088.222193534777
1622.8086869916751
-27197.879804535434
-799.61545384943031
17548.317307754591
-9017.5025653112498
10129.399887321995
87796.309224337514
28693.233313014734
18526.374633033640
76420.751897461872
54518.913148252468
64774.072344514869
83417.536085274696
59725.172849194038
15357.528012889781
245506.26917577873
-1632.0300333311479
804.42316241858748
2595.1752143751619
2607.4651630015051
-32011.142705381386
6646.1437088951143
7545.8294053886693
-38695.072631490621
14456.138111730728
-123400.94948395324
60962.923092061239
43302.629445634579
-2090.4839155361469
-5228.4007517342825
-72583.847865860051
-20785.648618689469
-40358.247488521425
-4427.9075027014460
-253.29165297309370
-37030.456536997874
-2316.0007843911667
-51830.253755032289
72233.466610217874
7327.7542790761436
-122813.02929679747
8724.6885044038445
12006.780992796810
232.10080725646648
135729.01803329645
-101451.91028849657
11714.280967451064
-32619.620784563373
-35696.984854814844
-53971.057310712633
6649.7024062517785
7183.8552021738433
1567.4928819357249
-46598.078809471845
34064.588382157344
13617.311212294007
5848.4467305713579
-8170.1485254498293
17929.942205975065
-13111.623090323670
-27445.160456257021
-51185.921627090022
443.41700720657536
-4282.1698149614804
12399.231400351520
-18880.219406855751
27540.759419446458
74761.459601683833
46593.238989715675
12037.370473290221
-19343.288405600211
-114206.00612979931
2555.4755697380824
-71149.802323661308
5779.0397158098031
-749.16144835261400
21865.937630338303
-35364.995833352310
29500.445005356210
5901.6325279551638
45375.443808114062
-67475.085131295855
-24679.293831327941
-88402.194240538767
98546.208079288306
-9908.6849266670470
31100.560585535950
-26989.605806536816
1377.8972817788638
19716.980895315068
1592.1912558141826
208.25974282977830
3663.2364040026378
-74994.939103991070
48961.004475605871
1878.2767280778492
-132234.82165300081
97091.912744723493
-51489.324949776965
-17799.530646128162
-26091.369964768106
-89705.686289134552
-15023.586749580161
-149779.09117971521
47221.574979277553
958.48314497490560
-97902.200154827777
968.76768650711870
-60716.185128511002
164931.96561347955
7569.9188335369563
17765.707057152817
5235.0203310476809
-39185.272640818628
-4778.7785891024741
1957.5019291674234
2705.3988957611900
2998.8932299760045
-7938.1953887342916
339.90166831988961
-4814.3779496345478
42472.178412417154
34593.935004678329
-45520.547496487437
100629.00410467890
8748.7555813846902
35037.525430596346
24030.363044803409
71619.461039197995
-47903.292041145949
60353.619436953559
-69628.888084740785
-142794.13673026350
49798.377783878117
4844.5784129299027
85280.159334110358
37062.201525543176
-36748.971542938736
-33130.562636424336
3490.1398404708852
1290.5920773845646
-63739.557036967424
8923.0130989571280
44983.420236772050
-18698.959195180360
-32456.371117721810
71972.027130417395
58515.397399936694
-35121.590525110929
-115532.83581627475
62277.960962745565
-121353.78610205743
-8214.2179443859950
-31180.041900334079
112726.35746476418
5500.6375960457844
-6005.9778537797256
-953.53139481343976
772.28558898176141
-88642.113857695062
30315.735110273177
52893.075365131866
-69851.157414825444
7889.0785052783895
-19050.376791532450
26600.714052575182
1424.3241043991000
2545.5266300827402
153.87254644824688
4887.0541841341719
-33211.131001477632
3518.9340118571613
18492.263963685127
56909.615305710009
-10335.787123840406
-20386.151449299410
-92530.014078436303
-89478.541531287003
8190.4087333549514
-4941.6373538045509
-13572.542598587936
-12421.120699068611
-5379.5193142017661
43870.370374568396
122661.67490288502
-73558.091252968006
-4754.0312207547449
21460.692109128551
8382.4578783328179
28403.406709068091
-9647.7228775123676
39718.398875354396
-25416.916530381954
41549.152432641189
-6751.1126199087057
12312.626773804192
3123.9832205860298
22867.023140717098
67961.223498560619
124790.10935493527
-40337.612692981391
58482.782893998497
1505.1143138419386
14199.161457114380
-10243.935578135164
-16180.557704828434
-2029.6425450079014
14569.302986286921
2418.6591964950062
22651.916918773415
-94633.836108392701
-58088.973974961671
10113.897248106638
-2584.3393268464338
9007.1999803340532
-40169.086864606776
3587.3957162693828
-2823.5616477952753
33610.781950833662
-38774.234274311995
21794.714625634628
-41050.345993405470
1077.6940424181698
-2192.4963472242616
24041.085674977443
-21028.057913060104
-31038.521080667964
24284.970976969704
56476.368233022898
12779.922777307533
-2395.2581941441308
62287.185777444567
3285.4137923798985
-114838.30332104475
-50915.630056677233
27232.681583559337
-74248.837029254762
11317.037171378030
-14785.113912037832
-15486.445659728630
16039.658008631453
-5123.0236313760670
-10110.125526188476
-27225.650840255319
-5535.7921276944462
-904.11663545663953
-8995.8966051158386
69853.690388985546
-29609.250970095047
193118.24198249035
-74717.461707770301
-56299.405491907899
286.49030309287292
-13518.711673722986
18747.710851996402
49390.524185136826
23932.008847955378
8988.9624422864890
9098.5478807864711
-110784.43973630069
11868.066119766279
-115470.10670750227
47434.782009970993
11251.047858168205
-65667.771984775507
46561.585734644075
-31807.565684952715
51168.766570026455
31404.313929532222
-21904.693127873350
-5070.3706506885455
27164.446240055331
4248.8625377939916
53914.989456124844
125461.04954141421
-56826.723865939886
-104166.62910409710
-14699.711383543712
9037.1889388540130
-7631.7433129628871
11921.766376204239
-38270.876310377716
5163.0459459652611
164213.67835352221
83389.252370607894
-14276.451553252702
17652.723488909909
102860.86478659393
-15517.817615472499
146839.04979920457
-142569.90115201601
102121.09165185032
4381.7101720189985
120176.60612653829
-134.59969473306634
-18226.709909169123
39850.689994383727
23578.624605917779
-15905.642538350623
-45707.577551544055
37920.909858448649
13565.191209979463
96584.645248343702
46766.177805493469
-15602.132003272940
38042.755106842211
-46530.887697334074
-4656.7929576350371
4824.9966131489446
-41298.829609665721
-1801.8129059771022
-19342.262980858912
-456.69054268960798
-41068.465236419448
6368.9924197047931
-45476.232087807497
9508.9420712993906
6675.1269737024795
-14700.309896212184
84091.300069903504
185418.09509178545
30006.071323271331
-10792.686130222679
2610.6155756296539
-11619.727369303822
-630.22130088547021
-10868.753278212720
31354.746223674021
-64622.719186102615
227.46653070792192
50100.502749390595
-2365.7723616261296
-144256.26874859253
16201.850731310193
2817.8400592450707
-7104.1264387181309
-2500.0352905252857
-481.23000303563680
555.95068118707650
13178.146983638382
2404.4354223252112
19910.206081475844
52275.392881423038
14993.833744167865
-20580.061889503329
187.40119078324963
-157461.80052868332
-63835.406976275677
-12580.583820678916
-33561.873373331109
5975.2333473415420
24436.922567947513
54113.792554192682
-86753.564166422177
-1492.6079685001282
-4156.4200744594027
5375.6304142904037
5506.8003085906930
-2392.1389170855996
3278.8054234687634
3079.4093201660035
21648.714883517016
-26124.871431794421
-16769.309739599736
-26554.329092040411
62358.401306876731
-110379.89518367875
-17830.444522143294
-760.69974680816335
-1742.8135456095881
-14713.074547268505
-41395.423090707583
-291.40836341766510
2532.5388106177666
-800.79193746666476
-1337.6600702987598
2691.9834054616413
-450.75603183986004
1361.7238279602400
739.11327097210642
-8727.5055543209128
-977.76316101801990
537.13520780602414
-3956.9787175154102
-44813.267512199607
3309.9646192211485
44925.152475549090
-13140.969560990834
-103747.37027947171
2043.0353133774502
2260.7619178726559
-904.84020542545773
-11059.185068937826
-30401.040371024392
63954.900409691581
1612.0655596693905
-20942.027757546148
1225.9900136408655
-2823.8894479793339
926.35134518288373
-1955.2513523501134
-4404.2101754741925
-45365.854759932532
8677.3612781092888
70960.260045999050
-20910.601138224873
9329.2160100030560
-6347.3627348242953
-46522.268916769390
12086.651479753164
63073.046971391363
2062.0042290787492
10515.795576553715
8881.5652218262076
39557.754393713753
-9014.5266098978645
15059.327902209001
-9538.5255282919370
-19213.783678508866
-29308.950409766177
-2508.2064380405668
2882.8777078108442
-1415.4203849921546
-11596.825562614424
42634.975328211018
-4823.7182599682737
78448.200080565701
8585.4147272629489
-82710.816492195809
85519.292600924411
-2624.9177370191105
36561.835222973554
51579.079187475174
-8718.9395081172279
-40297.367955793736
-56109.503980247347
120357.78905740379
23144.004408658679
-41892.895750243762
27482.254999897694
31355.998440257332
86384.351493772643
1499.5449565055505
501.10463718278442
-7987.3364393406719
-388.26971560395810
-5190.9560103156073
1906.7406751826018
-617.40382744197086
-3660.0485110805839
-1747.5141217368650
-981.37164482298056
-35745.891866271959
-2839.5016967862539
47060.041080906878
201613.21719103187
12622.397973065450
727.85916880543778
-27136.796232991983
29703.657358839977
388.73787300063304
10191.590216801762
-380.43435118323174
-1431.6909197711370
-1244.2842451606753
-5880.6953667252883
-3967.1807570920528
-440.38749830550984
245.72679507412849
-1471.9930552957214
-3376.0919220174610
-56410.971019499841
13163.526703937610
2288.1460937334605
27587.559837315068
5464.8147988203536
-54299.838090538091
4312.4475480326682
-20810.208842223168
46986.508034660474
-26.385300943107328
498.94518426165109
1952.9496011697033
1601.7634588820968
-2239.3425954168206
-6727.2679215000016
-1296.3913029590840
2371.4626748490068
605.77243527202506
-5138.0738448012789
-74181.236648306643
1877.7487848921000
28239.980899782237
5188.7283715421063
686.72020077296111
4864.8531577632330
3282.5398056350386
-7735.1775342981182
320.68260720499427
-1052.4034558830672
-934.25179059664026
-18936.218206445363
-24958.320432031222
51860.240062787176
-8311.1330142102634
-40906.228255538292
-13323.638448349117
8332.8215218378136
-23396.617134287499
-86814.089714247646
-167.76731938638918
7059.5596680176322
2154.2063453087594
-87940.497543486534
-91670.600858915248
7024.2201482155269
-22336.749615127337
-37206.984945579716
-3289.5411285665218
25785.115201718596
-3388.7540418140316
-37860.180246868884
-45289.039974737447
86968.035499590129
-96356.815125619629
-101363.58139044425
-32050.810513505701
77957.266319152361
-1102.8844966992515
1859.5761962758334
-8074.9204684713886
21599.050118771949
14034.036456691678
-8312.1712037107136
3134.2296262388422
-106588.44401306777
-11629.845901120912
-4300.5516108526999
18310.621330768190
-40340.756066394584
58845.962800645371
3053.8909228646498
-805.33055577513755
-561.13563210280995
4237.5683992424420
46237.127536884444
8967.6770151386354
-1250.0364899155136
36432.300077724103
1196.2485246938006
45107.372501288286
-88646.561774153277
-30919.411866397102
-44533.745892326457
13514.741420394777
29662.830966945789
18531.473930496268
58593.435149652461
-91689.496292011172
32929.358736332390
6459.1828843364128
-8588.6675274251284
-5922.1526519982790
1316.8626396108759
-2134.5132187915524
-9519.3586733699867
18871.955647989162
-11292.291707618037
-14314.484943995247
128339.85560837772
-68010.019623378641
29729.234716297364
9958.4620869779428
39669.927358114161
12717.382501698969
1084.0577351192787
-11870.134120074634
-14377.391701216302
47266.489646671427
-22896.541552579209
66738.956971297899
-49670.288755663969
-3482.9195082902470
-7993.3447497154930
8558.2139361809514
59109.964187413098
-61511.608385048828
-4467.4242661814269
7445.6850391004409
-33138.051248137592
33563.209144562810
-43312.217330248219
-2274.2763821386052
-145346.32841886603
-34031.389025845529
-52479.364542933232
1901.9473600493000
1224.0911501201517
-3766.7163406404452
-321.19431826682842
-36024.258969142858
13325.193118965202
6440.9133602574666
-50545.134177357329
