20517.379956061875
-8198.9792937401380
164.58582182584794
1005.7493909398064
-570.34911739970187
-16305.332750269508
1768.0036196646317
-18996.127209526592
-18643.026703864034
-7600.3858653892585
15583.957323510467
8048.9400531103884
-9884.3250727897012
-24968.685812333973
9302.0851779298555
8093.0038131934652
39009.470032055535
43328.305666115812
-2168.4933153096108
-2291.9020506312454
6744.9301602981432
-13076.210233947582
-3857.9823835920993
-7196.2697812977258
-10271.865976467381
-13497.175957402002
11705.663896328670
34963.233036890510
1550.2254647626141
8562.4612149704717
-1403.5547407590209
-1274.9309496360504
-6887.6849277438605
-19441.110775815559
5159.6581148645646
-22398.002524521511
-4017.6656211121090
35379.117125136079
-4434.8765372341077
-12146.680299107420
2258.7457902004153
176.96423894844290
4718.5026167642864
13524.408241439589
8713.5386120397870
17038.534294440931
-68900.309551076789
-36657.699629839699
65216.535964912662
3529.7570029780550
45295.203013888255
-11295.903277884630
-10663.452874560324
-1296.1099900666550
-12718.439523517432
-4.5240104829245356
11447.583458397241
1197.4436782828316
-1871.1891977186533
-679.42093816263730
893.22800224892990
-19035.608292089721
-6327.8284571558625
-19856.235957183009
26532.501278405674
-11054.640342513560
-14282.649538132966
7640.1321076924705
3133.8514192247062
22769.106983094865
-899.62996380018342
-4966.7824150237957
-7245.9377675237565
-10358.836246168696
-14138.258984678851
-17206.230552786808
13152.498416112036
34025.379248982856
5240.5853938178616
3474.6111250621284
-11583.780283896678
-1613.9768994588351
-8365.9660909376107
-6598.1386772664709
5178.1263735028851
-7646.6415251878370
-8888.6983471398380
605.05348261575239
-61659.483956258897
24760.335642609880
-17919.754605392041
-2470.0004987604575
749.56981136614058
-7154.9099543565599
29090.447670289221
9027.4748098075252
13802.435757285930
-1364.9087136983248
2090.7472722721795
5595.8063635241633
-1249.4003926882008
-6422.6622009161592
9964.2436497039653
12150.683104264574
-11433.953791738979
-5170.8967501367879
13361.356075407697
-18909.386357877185
1059.5797525857456
-7406.8743858854323
-5714.8990895117759
8517.0467302229063
-9311.0749590190480
1234.0499090890294
1198.5524236841154
16515.610891088392
1150.9404398910892
-2705.5347361495619
4629.1534464697615
6356.8341884440397
5528.0845270159007
-7797.5243650973116
-16089.739163807808
6864.8445999971855
5686.2819696153729
-10148.483752268125
11459.180481068066
569.46037135262054
5358.3272132483717
6211.8150953549166
-67862.716998085889
1033.0672507616998
8201.6936418865898
-31.377877669514366
-7247.5491307804541
-5302.3387455748143
9500.8274083552351
-7489.1316029000391
-294.28948030849381
23716.719161893594
-5089.8840302763201
-100.00018002540916
15675.488279807429
8272.9704154671799
1841.3074427240329
-11065.974562462903
-5951.3291498073613
-24837.260373287700
-496.39515069085894
8048.3659921321105
49.992008009775297
10476.175192104372
-8442.1174317374207
-55308.638670243847
4095.3506098592452
1954.1628653629593
2596.7224069622225
-9815.4424815886468
-34406.854959480981
381.77364826028480
26256.272001537160
-2082.7686057677734
2386.9555557053764
-44263.464956495220
7419.4638613551479
27363.624339542646
-6372.9455817361695
6768.4256951421103
-11358.503049589373
-34478.984880618635
-19729.529953040288
19801.737951922772
168.26816360446770
5495.6137821264210
-13185.783392411833
-48877.360893133038
-11364.086442661388
-5558.5042704360339
-3232.7017837115754
-5627.0495591492509
1419.9741413716731
-7538.0428218050265
27.932313901979978
-7515.3004407940643
32455.017889929182
388.98513078660847
8967.1801240610057
9488.6573620708787
-5568.1523583332282
-8520.9009717838289
14036.358971020056
-27423.929181409971
15956.004543363926
31967.988157969685
-14893.349452217111
-5104.6773134197665
-28057.660323361197
1151.3668782528216
-2920.5595215879580
-16283.900873564175
-3564.5820953846546
1854.8681128218416
12856.596317657804
-1477.7989375385853
538.93514874235461
18639.220696851389
-2476.4557802859808
-24856.242738793197
-1309.2795680636514
9423.6186099267543
272.66506674620717
8287.2376463270939
-1651.1278240659190
18857.372090733239
-4924.3605304075918
-21665.373070933099
10602.001053823549
7803.3620102423993
12575.822580490665
-9755.8415012580899
-300.70518098193543
-13974.866794027455
3682.1197351749897
20635.718777696617
-27512.219969258607
-2643.8323214230268
8915.8373368259909
3643.0519071072936
-7411.3043322903259
-17113.258853395950
-16489.283993387260
12089.417435382895
19953.725128080590
-21697.074652258918
11676.249931081402
-28667.544303261246
12873.503468730531
-23383.450823407307
-7463.6847626681038
533.84882816213121
25788.971454409169
-5215.6412711398279
24006.792319690678
19302.146784148561
9638.6408058030229
-13416.659817521811
-39114.620121328226
24239.716362836742
-3166.3513554344686
35089.339237779190
28122.607053923377
26929.345305547675
20031.667379352926
-4163.5157842680928
-28342.007938838495
16020.985343837734
-5270.3611278718454
-60559.342452504767
14534.211456235393
27486.637807961532
10266.132828121203
-9195.8150392390744
-5383.8891870115194
10082.362115106127
-5391.1704634929783
8385.5938743812367
-8574.5278558713653
-604.40461383063860
8926.5217587941515
-12588.549912581109
19718.393263669332
18268.072256119602
1614.0419768930976
22863.574881725483
-39594.168954893081
-279.36615553766779
-1.3339554340972046
-14454.517851912578
2949.9609296187955
11135.707442823965
37146.610121237762
20669.329824751290
9003.4282592374111
8366.4081086827937
19703.736575379262
10990.789463532205
-9793.0168175799481
15388.508768416827
2461.1824903483985
-9055.0331001968807
-23551.588990065258
2981.1979520988666
7870.4177020212192
-10365.746188028321
-15517.801636621029
-183.72950253546270
5436.0509158837540
-5860.8228368335231
-2388.2387343591272
12668.654500042659
13375.103962281817
3768.0811562828239
2880.9852047402442
955.05652683107485
-13411.045909231503
-729.08382116589019
-8870.0082589383710
3579.7412197056083
10985.477363800625
12976.155420442110
8853.5219291809972
30365.366791952340
-4767.7650116549967
1259.8001628438606
-8059.5991954270457
33103.157502559043
4022.9004347858508
-11797.807888591135
-4169.6961856750659
16395.113622295972
-22304.748375299198
-11806.052433231356
7492.5787087827966
-25700.818139378414
10654.559963530146
-5390.0041810255179
26040.044630754597
-12760.394458602908
-1331.4334503110395
61357.626914289889
-1284.4264713135576
39628.700474089484
-6878.5071646575743
-6908.4376036580570
-29721.399460152159
60425.961069005272
-11511.491067466686
-26938.956935358739
23894.985363669977
12484.166342919007
-10915.828201316253
11172.305036601738
23646.447224350901
-7171.3025685298999
-9564.6541573084451
11384.827588127944
14437.095011819301
-2083.3437411377922
-24180.199619946747
-18181.834544356974
-6025.2032946905620
28922.073140757824
12124.377830146026
-280.41543348366190
9133.5977881752297
-13925.118705507426
13684.056212721787
-4505.8336230516743
4818.4405893748080
-6886.9197227680897
9939.5133837066624
18960.338614317487
23488.029642449826
2151.3366109266158
128.92287212071980
-7767.8818616912768
-10529.510349998331
5982.6715219888383
367.87677393952470
-21129.763370931516
10365.424966215722
-888.81341932793464
7606.7197384884057
-17556.331663044377
-23262.854586106198
12617.922893772104
4569.3001072717025
4340.9561232558790
-33076.455985437889
-23706.319281256780
-18225.540696430733
8157.2554571662477
-10651.901443384555
24429.203724164134
-9277.1697794659376
-29898.093884008777
15594.940419845263
-14368.237311330746
-35534.359194068420
-7423.5476739982369
25887.755656627822
-10045.414954200267
-27239.940737038934
17715.277222542270
5632.0119192851707
-10540.194799463567
17359.472266367986
-417.10115657001990
-537.21445833994767
-2181.2294476677162
6375.1368231965889
1147.2260706065285
-21426.392583171673
3700.2594410710371
-17724.560408768259
-12937.466655607785
-32700.865647948165
-5583.8467434294753
-14034.814040592342
-535.36539590507118
-4837.6776652312801
15413.188323968259
-3614.8817336545717
65736.346535888617
3159.7793463398766
-4672.9394992656134
8658.4625998509146
-5934.3326527100380
-8220.7628409148874
8466.0513545601352
5673.9932648627837
-8526.9700669710164
-2583.3577635624706
-12463.706088558394
-13380.860245068001
-932.03743154659696
68793.089558204592
10861.288517512663
-11346.244142090534
-2406.5958652824584
-564.46481436058150
7361.5484867904652
-5034.2034966770352
8258.4013849441981
33139.463089599943
14879.074648329073
11106.532280863428
6874.5875896509615
-24480.185215415848
-47124.476280637085
-25834.094022234454
-2385.9932028062735
800.58166111209391
-34146.223248532384
-11859.622354184225
15031.138649972327
-4479.0207141121728
-650.22201461035468
-28589.774299028657
-17289.136067913143
11124.103147351199
-1427.7129667320939
2679.8658618370637
2769.3971819652547
-5192.9746052254213
-26138.331433748615
-8146.2387812241095
655.57450894143892
3077.5353212751293
11944.811314708744
3513.0622832425906
3259.7071811216633
-5032.4460777452687
3797.5616379479789
38417.198203170476
36713.125255495070
-2921.7740201656648
5120.4395661580311
22407.994502575337
9822.2230038506023
14075.001140729599
5912.7713967519840
8043.0845220673164
4200.2636771771158
8299.5328066757320
3622.0752326358602
7580.5726886666189
-238.58449918740808
16806.729845595542
-771.10059381135034
24169.466887653147
45051.509737387467
-14000.145465890135
9809.5191714286957
24355.489611873243
-3130.2536944876315
-1756.6861616119602
-19553.839002537876
-11824.650151836588
21306.640849775467
5299.6687510760585
-2170.0559574909639
20197.877379909987
-12054.122119657803
22426.280844509078
3158.0447054317001
-41546.162301394164
4350.5255452386782
-12324.941758579207
7173.5192437121623
4628.9177168699016
-1846.9768865126373
5025.3453727375227
851.82949027250277
-24877.250138542397
1538.0136191313995
205.96132897820669
-2348.6195155663136
379.12142837208671
-9941.0362763203175
2349.1405675336923
6515.5724135359005
-3367.6072918573573
1317.8140097190458
154.42267520917247
3149.5969792398005
9660.7558189350184
9994.9624942644623
-7823.9433348270377
-22651.034613407719
-7598.2414725269837
7863.2177627309502
34637.177637686385
-4937.5707568072503
-10568.530794392249
4081.7197977489050
15992.265311048903
-31512.104688241441
6907.6462900119186
6331.9001835382305
23929.098087020269
23910.508564901476
-10545.815624292671
35770.693488409583
-27496.654587094341
114.67974446568458
-8376.4527534601784
2764.4882588656119
4023.3566300957764
9720.6188634603914
-8849.3661021055177
-26499.595666085672
12671.648937244900
-6634.9730820241493
-18337.471813418171
-26664.625511372949
6610.4366213697094
-6114.8342024834228
1631.6063362620548
-8420.4789791398289
3107.4264226554883
-17628.165304189621
2531.6176116785105
7927.7630935381885
-7212.5332316060094
6323.0912208166628
2795.9916849138340
8037.3314820254827
4409.6917951877085
7262.5658629101799
14043.183469854417
-8442.6708985659861
8834.1774242268584
-7636.1505895856162
9878.2743194855029
8248.4243237085066
-2227.6080323787442
15895.834707520731
-2620.4669015554464
-6013.0479512053880
4909.8914922758995
15773.536468370388
4999.5517140852389
-8950.0561755225026
-11586.589298842093
11829.475496683766
-19219.628835308122
-19097.644787609886
15630.486077225411
22808.264607420751
2785.0599718161793
2452.4026054812316
17831.928311725434
67978.073483598826
-14542.867243759065
-5008.2671683375665
19690.390949629767
7878.4327721458922
7454.2964069410918
4243.9922675516755
20318.107956990159
-10267.101496257485
5720.1554019302957
2327.6400145562657
-11306.361777562837
11828.400628055844
3086.7000702812993
-5533.0353201184671
-20593.820158079168
12333.530525880771
14186.374870443857
-6645.3907409842968
-22382.917437049269
1058.6412476397634
-5960.1454818762477
-14812.773847191873
-73426.138552447461
-18661.464138927517
8505.4425515362182
12374.193317717509
-15013.277701828094
1072.6954414579916
-1596.2268767060366
11124.059942585962
16029.147240138673
5566.7324641060659
-9637.6225393889054
8416.0045040126752
5824.4293434493748
2434.3643693471504
-10076.167611615403
-4674.2321953487926
-2347.2855646098410
6121.1775122599720
10449.709449897973
4385.4215562589807
-555.57611193486537
1220.4790562491689
11856.876735178941
-3295.5022815424891
37866.343215571163
-40305.901019283381
2813.1743333617869
-7374.2723703752199
4347.2943455373234
7435.9081480783425
-3842.1366969980231
2201.5862860053871
9101.1595622359528
-15113.531908250312
48389.390226184543
-36545.048946480056
-5690.5992840089966
-31100.580281079638
-10746.730216212427
-6512.4857366232472
-22797.384581938855
5421.4008552470523
4849.0529244533845
-65221.036747594022
16243.395739042797
-3956.4701547314776
3622.1130108872671
-13257.659012086586
6042.5139598887927
1119.6897317308453
11556.047641248697
-1697.6494564962375
13069.290542753874
4300.3412005686459
26856.643444691821
2488.7455419508760
902.29015420857866
-1722.1854856045659
-8994.5207430210121
-2842.6769503718683
3788.9238483560011
-19617.960375980943
-3142.6978583707951
-5478.9535748703502
12291.651589394129
-18693.524878505305
-5038.5843255669797
-2314.8286029771020
-9929.0921074401540
11637.478240368771
8651.5475608448014
15807.835248910011
1810.9111966302153
-13563.134626628780
-5814.8310208042021
16240.285738942835
3129.6867549101471
3117.5291220164531
5001.5901647442397
9508.1348384600278
252.73386979345167
160.93706345695747
-4881.6560644842639
-7261.2939465160962
33967.523755693219
-33372.067257131988
22238.788184177673
2496.8927453686215
-8531.2310253168616
-14246.311855945842
-8032.4421591620139
-11267.123055924436
-12708.275124514053
3674.6583099946611
-26810.509051784833
-274.38435424707592
2688.2297004468296
-4397.5025639497881
14408.443723950879
-8456.3831180484322
-18050.726994649765
-8078.8420282769712
816.90596342283663
24077.300951609679
-65497.920872851239
-9965.1826362431948
-9575.1341202584717
-9582.4869112055658
20671.496058668574
2100.3403004682723
-17155.629950289163
3639.0203070529719
9345.5475497248899
-7224.3031889388640
-54516.835785473617
2551.0111424789188
-9493.1535682155045
-3547.6233934441834
-7963.6443097608335
-1576.1687464382419
37052.761824478206
9668.3377666702563
5226.6461123529734
-15505.571662135295
-15431.765633033958
-10671.932587198522
-174.43485209174170
24125.650652291017
-6170.1554703846959
-8481.8217780961349
18533.828167320062
4153.7637248782885
-162.15538467602642
17357.030096907682
-11834.397748054473
9630.2535578159914
-4765.2939731001834
-24893.877618314636
703.68127081384421
6339.9354376814063
5924.0020128397318
1882.6346044990280
-366.74186493811453
-780.31582040807064
-32931.946746834612
-20510.646963038856
-8555.2495940034223
-34857.474834152425
7089.0004683304069
-1986.1788397411899
-8201.5469939103205
5039.5099635629731
12330.824012122119
73.330641615910537
-4214.1136569558112
-669.96220814402000
3511.7006554792551
-15358.233320407855
243.91867579184984
-3978.7291217119478
-506.48365270006315
4059.3022763487625
-5257.3781406297448
-6489.8654820831443
-20235.578643965586
-12952.710717496266
13465.634408903723
-8670.7526395313307
-27558.607172319669
-17593.530264560875
-32419.661269476743
7065.0649992766548
-8134.8076639178562
-12712.628556917956
-1820.3312213154420
5366.2807425724659
-7324.1149509023271
6669.1436510036592
5429.0491932797831
-4663.6169400073368
-5093.0294296985403
14385.987318971596
-7314.1642194697624
4876.9804096710850
-18154.494232544283
417.63050385839784
-12393.680878807330
-19439.560103457334
10488.718217744787
9033.7021739544307
9223.5652155695479
10651.915085482558
13418.136669666030
-16034.722509685664
2447.0439985841026
-3626.6473775665663
-7218.5545311267088
9786.7097107916161
-23414.149157410091
17582.443444356210
6446.7879958324311
11746.554148243920
-11316.598895958005
14636.670122479341
10269.728617669814
5796.0130810694700
8634.0980768305835
-26561.209409037176
8596.4552906881818
-19668.452194612746
15142.312738368155
13665.389199855757
8429.9648274713782
4768.9483981963122
21712.396562239253
10810.625899941280
12028.346060756106
-7122.5920461690057
-11162.727283411647
-3628.6316680667974
-2327.8535667320862
3972.5480882513743
4270.3762629618022
11113.398278258936
-782.91527617401505
-17449.174166228600
16802.791826309720
6234.4428518162749
41216.092071718376
9032.3417291725418
594.77948643891807
-17981.051909101581
-12758.858256780029
13180.365332062931
-5617.7857384868139
-1428.5807509610863
19730.652121054474
26448.660224116204
-2667.8222694119227
-3011.2572720868807
-1977.5698803583739
-6944.4359899904375
1342.6491055728936
12623.507061938397
-1234.4533651151417
76.029704694354308
3291.5022087826474
-33152.026057929383
-14130.772631143036
-436.47461435081874
-4980.1372116404964
4116.3815305939243
11521.228092774438
-33600.816986291109
-3207.5637936351268
2457.2283431819828
6566.1681918159575
5800.1289854950883
14847.623593551007
6706.2861894412026
-5355.6262626280941
16939.261322511415
13504.070117401488
4592.5641307921096
-7823.6241491234623
2072.8937427705268
-15280.980971790848
58.686769422409483
-15540.388165636914
-25207.055682527785
-18370.613760671979
24410.327219060029
-21699.948482434655
18877.319358804238
10410.941296369101
-18315.805106038555
-11368.655134751059
-6874.3367147937424
-8197.2925424154801
7201.9429962081367
-10008.442075512528
-26898.460661429901
-727.21264751792978
1226.0476102133880
-9322.8593544687410
-8827.0400371639280
15849.638267124894
19973.558547885361
8461.1516784104024
5111.5786352122941
12842.578791757946
4347.2856045677554
-6227.4021898885858
-109.59035516237023
3380.0977240147404
3425.1663688354865
-934.02569656935350
2615.4269961879809
38647.736751141623
5299.8734980294403
6606.4655808534726
10489.510097126598
-2194.7974630733261
1611.8170287515363
1198.1043859354018
-23567.981239791286
4132.4465838739970
-4269.3151093322886
7528.8449490642970
-9894.2834423363038
13494.895440134742
2484.8563897591057
14062.847806209655
-9507.4361260793157
13791.210454297108
26589.095250922659
-5956.9830570556342
-20555.018492843297
2331.5489328241883
-21522.173263542449
5600.6415637654454
-24036.992382885106
-18762.717467884537
39082.581985629433
21966.012544282130
38605.752707656779
-63830.395013811729
9246.6428398428779
3459.1626750327023
-1930.9956694625885
-17465.364182343888
24487.762414645062
-5559.2890294591343
-4740.9003920056603
6796.7242334554021
-9061.0042882586258
2858.4434201928320
20595.663513081250
-18173.199054724537
14983.631747649208
20616.772681173807
-6661.6970039427906
-18741.096195989099
-7061.5609111024451
429.59989822471749
-27034.959139113915
15849.428889596749
4984.0598315613870
6318.0834298244808
-13003.241868999441
-4446.1061132537679
34458.191264661633
11211.292930921234
17190.786766414800
-7122.1346517548418
-3315.4330622382372
-6384.9623391876476
-3716.7603151108237
-4434.8424647950478
-345.25603627715924
8879.0582894223862
-22343.886921548747
-2975.2758020877582
4958.7723259062413
-10737.078204514073
1134.1184107542497
2537.2024780592174
-14820.016000474963
6308.6875664732625
904.27998193192161
-1398.7558756223627
-4214.6260324544128
-1910.5429723887753
599.66184946324938
-5987.2872557980018
10524.425513059226
-9114.0440264175431
-555.34470645829413
33920.132830062183
-2620.8873650654232
11511.240124723927
16658.649370719933
-10329.823988299233
9415.6077611953169
-27211.077529363793
-15098.614453586613
19272.813520404205
14623.896131926231
-25495.481210212205
-4190.9912937928466
-15030.381836656643
-20685.250255673323
-1744.8124873163329
-1674.2461740549909
-12191.981699735150
3077.9118066687402
11880.304109922636
15938.224498697375
16362.319625186294
-7025.1834821506936
-14896.899671488229
3249.7625414795248
1590.9692192476630
-26550.946200289451
-2446.1591913578704
-2812.2846720222537
-19000.772390014390
18459.153444413874
2953.5017012220846
22244.366446254407
-10979.362605048622
1001.6646203452065
-25764.301982181059
16414.910587788712
6007.6946811698526
-3225.0350213279544
-17297.059359728119
12099.649079243160
15885.237145905319
-17157.582915043484
9312.5273977234829
26304.888905730815
-644.97779506296490
-20013.620922493905
-3900.7353312652940
13639.478421205145
897.18046531525999
-9723.6379937556940
-8470.2171575312095
690.07460906457561
-15653.330890025340
12230.716096444392
17047.391329844118
37571.230534868118
1847.8800991287681
-14000.335105267861
1386.9811677536595
17649.287161779026
5178.0073842663433
16345.265800761737
-11752.256950940593
3683.0882822417457
-22790.983113010665
-3746.7631210626000
-12199.880865154966
-1208.6454559313538
-3142.5365723153936
12265.426347958391
14461.652607154074
-3612.2198033670707
2396.2144010882539
13537.245346950722
-13742.352422172480
946.55270428166568
3565.9052026043678
-13460.264070496836
-38286.869584651657
-20453.445534263457
14704.996027228148
1766.2275179052631
-13070.167035354063
-3038.4954150212097
14008.544146936043
-6549.2944112016221
-850.47905388403228
-32091.468620222015
3345.6694804008184
26367.929917204841
-7183.4768833856733
18645.241047443971
-2077.4376530204718
6910.5992602924689
52482.263262883062
-17570.901597845648
3540.3014424514413
10886.050172092535
-11071.601451026916
-20296.410517326131
4228.3582545252693
-19462.446288213188
27186.644435651768
6878.6373118025031
12015.369612196506
12346.569474048994
6594.9469159722230
-3406.1712156903054
-3331.1074138565214
5509.3875149389787
7312.0097630339869
17137.861807568250
-1112.4307057630751
10554.375348513788
1035.5761395627239
-557.82104641901014
-47026.741311696038
3810.8260361250732
4926.5686927261168
2524.5193224371151
-11071.209235854521
2553.5237144968405
-11511.486042420536
8335.7564365644484
1318.8443596097984
9601.3460756839959
-36917.508963130604
2958.3046220934043
-14926.920601935037
16028.154209355027
-7141.1184886203964
-13296.078161264793
-9152.7064707311056
-5022.3520965508706
12719.458743124873
-13798.602827714447
-1094.9501088230845
-2288.4544233877077
8037.8956673868906
1880.8803105029283
960.60521540522120
-4523.8458654667584
7802.0729005410940
13426.022857611257
18481.291512525589
255.10278663819207
19824.799958995583
9374.9970392437735
-10088.514665044408
-10299.304381499369
13869.747830844835
6243.0268140637490
10653.333064682587
-652.88074977310919
16440.242273240168
11724.383037473432
19378.243274201883
23431.597557101097
13773.407250468059
-22891.283339861293
-14064.097652944178
-14568.226479242263
14746.546098541876
-30723.771878164083
40732.857436469931
-43860.880513595985
-9253.1857471264811
-73647.256885968949
-41123.255056955903
2483.1157769582082
-8432.7480033919619
-2316.4324036595744
-2767.5219027750741
-12808.437772381805
-963.85664781504465
3947.7955454504136
-20532.872510529472
489.52654679614375
3076.4534994347478
-16083.971149173749
-13162.631667529698
30146.343907723167
-40196.011464406569
5330.1170409719771
13450.314684266546
24054.884725037380
35841.507282653722
17140.293600146044
873.11480734571933
-2838.0449451226550
-19237.984911535823
-21742.107583397141
-2370.3682471580441
-16651.528302681541
31590.725395224737
-11107.049400648411
1012.0968948550187
22691.704772689871
-14101.365369917481
-1049.1226518564076
-9784.6262338533816
-23149.562696810848
10449.434658312874
2615.0291228468482
-13121.891906568657
-2289.5632302898102
-28834.445454912162
-18732.505204535177
-8770.6615089971801
-38491.768450623706
3392.3144221459984
23296.218401634418
5396.9398280790892
-3907.0508886424318
-2512.5263903506493
12452.140149044910
-9099.6765766563713
-731.94884789625917
-8545.5893559574361
-4017.8076063716971
7590.2553214774280
-4453.5222474587526
-874.25836052725072
-9028.6446907686695
4186.1869209235465
6031.2929704970920
-8181.6738299420676
-7171.6697406386093
-9227.0695956361778
19762.018872265529
-2475.0147121783048
15077.682062697197
-16414.070513162136
5155.4492069879288
2243.9292896239658
-8910.5224671649721
21061.473977366870
-8693.8510739509293
-1612.4657811129184
15996.655587071169
-999.56677938272469
1556.6247130452498
-14061.115388735179
-6079.9430179172014
-19423.923951721059
-4654.9591209428299
-240.45033316249095
-11061.283871273525
20114.227516489460
-345.13227859286280
-45787.954821095998
-10484.107069465703
-12328.050922219843
23487.938803483565
-21980.742046825097
42789.982955614018
-11760.328733682567
72946.575834516887
-7211.7905534187603
3497.3819336534943
-31330.220799280676
9182.5577035343158
1175.9617817432550
55400.804553098671
2913.6846378462883
-1283.4636515335303
907.05377244568751
-9436.8919066502094
-12780.582601468097
-7354.4748383501164
-8392.6029868040732
45990.695947750901
31821.249575948710
-12014.557749490419
25016.709068979068
-41474.646064303553
23779.393524543219
3347.3703579693843
-3509.3839530003183
-31835.107420699740
-314.39489062098926
1420.1938848433251
-8539.3472757686741
-15872.638038432626
3322.6376374441188
19164.059630145028
7687.4971809109948
-7168.2954418489353
-10417.369373961574
3063.2704078923566
-528.97710417976123
18123.087603508819
-614.67906345838173
-5874.5096934479716
-23777.969356783349
-12644.125731391976
5631.5009514872581
-1460.3066324833221
53504.406681326480
-1568.4980044375654
30076.926429823627
13600.468127334037
-6924.2700254495803
-15948.401701685867
39175.390471455408
-1203.9787970505392
3478.0131800156560
2055.2651309869507
-16187.212077024788
20339.258030830297
-6555.5844366874617
-3057.1834506728010
860.56541193159330
-11881.704060593620
2444.6131498486893
-7652.1693475819111
-3865.0078799009825
4923.3527144841391
2358.4781681300628
3353.7664093038188
-7341.8745607705323
-21871.433674183725
-16358.941594393955
4499.7084825987986
13511.753074883532
6639.9701929714493
-12552.525778856683
-18798.163191715499
-11262.501472189031
33506.408097030886
9946.7460327476365
-3553.4906500560651
3339.5433327590813
-31096.318430747891
684.53633700988087
-2098.0194080101910
-19480.585652880945
-6227.0378960778799
-5178.4961250280157
20842.977300254795
14146.875549770455
-11.396548647296845
20956.901088446626
-16496.046467256034
-1860.5201053814783
65084.161060045364
12680.503569731954
923.68310694048705
38252.641022207004
-23225.018078299079
-28080.397811107996
-4503.5567228790605
14068.291291395994
4730.8613505622243
27983.731916220884
-1948.9391098013648
-25766.717778620037
6202.6716473671131
-28930.529640105524
-7931.6219995596966
12449.363350464217
-15845.733119983344
21076.404110051266
-5379.5796434201975
-8638.4899065419922
3177.5658222844099
34183.000650496273
-2153.2280932889053
-17567.540946120269
33068.960677361829
14512.518196249426
292.46323733059245
-773.93501165059354
3208.9733892050572
-1494.0015068152954
1151.1497186743984
-12262.671119152932
16885.523289276945
6632.0977580867620
9177.4265490138223
-10555.373854179088
-21240.988807652488
4274.8482702440579
-4194.7691637206735
12493.766894211052
7407.6772202961574
-640.62874229449869
-1101.8891223209646
-9956.1115538390659
325.66051507235119
3985.1652946131812
-6687.2594678624000
-9510.0729711909407
3535.2702886280204
-4306.9035967383479
-5304.0799150250859
-46028.975870367147
20268.397456354574
20013.706748962832
-17031.050704465390
3747.3032073265122
-1798.6921206724217
-25937.066343728129
7665.9363154454659
-18450.246238432064
18457.075384194992
-10709.618133375139
-37099.047244498230
8612.4619940737921
14597.226040596468
1494.3631795490153
-6719.1680305812706
15534.137023682046
5542.0026525587473
6764.9611952205159
-2461.4698342019369
-8542.7572455065729
6455.1401795030124
21919.598832125117
-7007.0124953866771
13289.692150745526
1677.6455518470198
6997.3388981549742
-12292.303444894202
-18549.596994798751
10229.420644172407
11337.586810663077
-28111.590708272433
4686.9987348572095
11389.804379941537
10560.140514596034
-15269.550887358284
-4408.0094903663312
-267.66842346598753
-17683.749043691205
10121.375509086361
16260.457722101160
2752.3289589133869
2300.9042132636569
-3238.1431902395716
-12390.832523299650
-8921.3859455847614
7918.8930089132227
2079.2353882884008
-6108.4504411666830
1164.5234912422802
5802.8654532569562
-16393.133120813676
21786.838088145549
-25159.701927375463
8810.0152874478372
-16482.677371079466
-6617.3144256429650
7639.7497258327603
22569.872810221597
34636.921196904885
19786.997273488199
-4747.6278898393293
15020.800120104695
3465.7915286208076
-29319.586588357655
44.242747330600487
-5834.5654325517835
-3901.3620356956712
2536.2502751098305
-16647.493050327615
-2723.8926707175374
2534.9489087421548
10517.449181058841
1293.4960766610782
-1032.0752840953421
9.2028639194585455
2316.6462845966626
15768.120826882647
8415.0413347230624
-27781.311018498811
-550.00926874757261
955.80436511268988
-50.079339368396163
-2908.9244970836467
719.10323566849024
541.87709185143979
1093.2724992904787
1637.1477995288662
18803.469309337990
5091.3906774641155
-22160.023443844024
-6693.1819438894172
3267.5279199354604
2423.4885799819895
22374.437273778978
-5839.0694311815087
5439.7932194266732
4731.5795193468530
9626.5991997957790
4709.4900995863600
-5538.9875174196986
-3298.7974529571470
-6228.6725298690990
-16017.867901258569
-2236.7508808835478
-23991.433169240179
4672.1130219653151
-2698.6436661284442
19582.846984402189
-17619.644934012882
9200.7515369147241
-5890.9724522319702
12194.190768704526
-8203.1339259195502
18318.934812082774
-15478.386437854373
2888.6393565935891
3206.8702210299271
9987.7083847426802
10145.997855138557
9969.0359223041341
567.19220649521492
28302.989522320167
-2829.8390500012738
-10671.095135115947
-33795.927407492949
5259.7825822388359
-7125.0825162402216
-7026.5514775535294
-11987.322134917267
-21698.813929972745
-10982.549405019858
2818.9112885521740
5086.9052175720262
7167.2071259782579
-12315.145187136459
-2694.9959073187592
-5777.4395146631923
-2050.8438397915311
-25341.719295838007
17113.236792889478
7962.6104943395467
9812.5311711931972
-600.47655080206596
-9592.4190754804131
2790.3698973993560
921.01408213297236
-3599.7533147585282
-30549.850295231434
8010.8517677266964
8413.2134660395677
-6360.3237227492918
6666.2245730091772
4973.7941336828526
9635.8474595925782
-5384.0461812507656
-4037.7090312229420
4614.0864217900253
18584.484585424525
1829.4254934706914
45002.880570349938
15963.985805695620
-10512.122160241015
1436.5869017991718
13960.661857309606
13507.541903767411
-34257.846682852512
-33932.803180311341
-12152.531015022427
17630.875156487200
-16650.384147451463
9823.0023816387893
-313.51635384397883
-5650.1947980788173
25237.878878499727
-18149.016439370782
11714.822041421556
-244.62515946918671
-882.31726895908446
27706.257570673453
46181.693144839963
10669.296692695971
414.56155835584372
-7061.8589049873499
6921.0941263190061
9606.2549074282979
-15408.577125657986
4575.5839673499422
4715.1238394584252
-26616.370375320614
28303.374842654823
-1988.4419423169254
2807.4603703224439
-15243.928570399758
2759.0202034543709
7623.9547518795016
29596.894465177051
-7243.7886055225872
-18721.011538466795
-3586.1374540497204
-5125.4410960809546
-2013.7735690842928
839.61038975805002
-16975.246932296232
4013.2600449201850
-16532.845778680810
146.44561201541359
-5388.2515191703642
-26407.928015105263
31636.287293879126
11922.874038877368
14002.340426327026
-9515.5110465696052
-9613.5585798423763
3118.2712737550555
-13849.648451743717
59650.881473719804
59976.392371471811
32929.851247340528
3071.3358085005093
-8900.0837169453680
-3713.3073255095373
-25684.102257829567
-251.03420531725880
38602.845025415925
-7812.2180017306564
-673.02259966277575
542.24521593611450
3870.2629497413445
4412.7176340151364
468.37645599117332
10108.969470303262
9285.5732176434121
42120.044723097060
23193.227590428818
-25708.411577347357
-8108.0159144207255
-1836.5024569993582
-2621.9141490479633
14662.030951816905
-1023.6382151141109
4367.8819690922155
-2740.5461116852407
11942.390854559779
-609.36397856594056
-3559.7878981725626
7033.9028294830696
-5724.1602835944641
-14696.292175995475
14074.712032731381
10738.862203445944
26344.556422215610
-5467.0682124894083
7394.2109373515377
10708.050076007110
-8907.9853134672303
-21350.288936904140
-13247.438208194861
-10397.142283156074
-802.04879282246009
-2912.5768932633946
-2577.9373765443224
1997.8066327453148
1853.9262418516985
12676.689625850646
-26781.127483059307
-8698.2670700808339
11383.033860037120
-121.86661651138226
-4493.6689056480318
-14498.317551624095
-7371.0565245114321
-4045.5680916101919
-2875.4574480547249
1572.2724713511552
-8874.2152445658685
13967.056936561288
503.63709237176306
-99.004881961364390
-6237.1098428346750
1471.7332975758275
-21601.960122669214
-13891.328680985263
-14800.198648547070
-829.56458166221387
4613.6258421794673
13344.051575977814
25361.924606416869
13903.213654954912
-36873.460151960651
-2244.3442927861493
-13131.991300425336
2270.0023835845482
-7320.9566910101476
-8997.3428320529274
-11429.967549105877
-24081.653333508650
10494.933238768645
16812.915562466824
-5461.9115870435071
11957.727091986331
-4576.6789412088301
29439.433580520690
-12216.065874868600
17666.422849911989
-7252.8242329917248
14570.391479418355
6575.9642451721802
-1613.8356804997122
2827.5786225941242
-11762.496819801951
205.21393137156710
-5745.8162844113585
8706.8839392063655
-1957.3717050188022
26084.450421630940
-6508.6399882382884
-17146.184021964844
25768.105002851586
7895.5525993816709
6090.3326313382313
2575.6924069788620
4471.5209114625013
504.81897778360332
9014.6462542853769
2460.9169540747403
-5443.2272553665416
11853.380542431767
-13737.985778793378
-1593.8975205483371
11898.617843485299
7573.6544470831450
592.13131653894209
1885.0967799577588
1602.6368750683830
-23352.931756035770
13705.337253814660
-6183.5531381618239
-10022.295186653701
-16257.318657534104
5671.3812669960507
1413.2765711184852
-23013.970232426534
-22621.195990025724
6024.5248507728056
-13022.281288572261
-31740.223415484656
-2227.2120929000212
-11533.290825500648
-2242.1665350500566
-6745.0188819181822
14756.388637204305
10483.608380624572
8640.4744962354343
6622.1835151912546
-26837.051931031478
22368.392717517836
1592.3140556225628
-39115.443282756591
-3449.5409576953643
6397.9644152822502
12674.445361765031
-7027.4559303935985
-586.26314964445805
10736.232441815398
56632.039773969133
19485.144033131393
19442.377858743897
-36407.637523683050
72.081280489158090
-6780.1745383070020
15128.759992686957
8351.1423718940223
3474.7517687698423
3132.5027575705608
12666.813507536335
-7839.5660495859502
2606.0302566018308
27028.037406064348
-10220.799450858058
2916.9058944871472
8626.3707149714373
-9351.7503119196317
2202.9160504036840
-23854.092957928075
964.69929947754849
-11509.944292986584
-2793.1845648984990
7388.6816745173746
217.94161512545961
-17911.885938735639
-5162.3826845826216
-9435.1662456429221
17633.669660150947
6372.9062372726121
4978.3723962088698
2569.2804905511243
-3781.5666512814787
-11401.402537990471
-965.27300754776570
-5233.2297441737373
1210.5249930537777
14720.719694062896
2427.6435166251904
-14806.928781846193
-2612.9209797113285
10705.383311786985
-40118.549578770835
5840.1744528633435
33201.423921723268
1345.3876473209377
-2850.3350895334224
11015.738726727583
2926.2384296244650
-45511.203724560146
823.86684430795935
-11648.350223309511
-3060.7576341672157
-33630.031624161551
-33912.202559615216
3397.9385025383917
31432.717890317144
-7848.4753396195156
27632.924399722328
-1920.3118085118058
-22719.108989466306
1370.3812768344919
-1574.9391732702525
-6691.6523637457913
28111.046147672107
7081.6042245423196
-2977.1107534320563
5056.5161749390145
-1872.1289009590039
16138.169299691039
-8685.0116159058689
-6318.2291051193624
-4806.8155101865595
-2439.0216759958480
19273.480223631970
20509.727937769880
-6135.2513316271934
729.78088508649694
5304.5809499060188
4719.2314474011464
-1062.0185899954008
7875.8487201844846
-10633.301346593669
37111.356026010442
6688.1360904601870
-23270.883012376627
-2682.0316166406969
-5756.7173527216046
469.53107368832013
16008.117032600498
2836.5647994193509
708.96981573330140
-20227.200677125951
-5529.0980463096630
-4157.9591369453883
73.759305918664808
-2935.3282320710309
-813.94990390321084
1972.2295947358441
-309.75106955207929
-14758.580590640890
14008.041902392190
5710.2830385858006
-8624.1100128025864
-5078.4689374973314
-39156.453630175754
9373.2303351635874
28765.621480251619
11003.208536251381
2650.3076179436162
-15505.509667685292
-1372.2708295723287
14857.295805996942
4093.0042932477322
-1493.7028342227256
-22626.870004300039
-4306.1160705437114
6763.3658185081613
-8798.9447370864800
-12018.717524982525
-6596.2698227722876
10717.556460476062
811.80294731380752
12691.885034032566
23417.117665399801
-4362.2517808394305
-10941.796371227912
-4147.5613553880776
11324.219433648117
-12444.709345406423
7914.5497013032891
-19971.274454890223
18983.643183987057
-6506.2847585990867
-2330.0414377908774
9934.4771113712977
-10544.478006720758
3446.7785241135844
27858.456403075012
-3069.7081355267946
5160.8426546041956
4207.7162528893150
5810.9069160568724
258.73067727600113
-2629.8358721557674
9596.0905663545800
7799.0152725767593
7322.2302890132714
-14529.352868621101
-268.91119701523110
-994.50104377253058
-1264.6175676690168
8034.3898058032692
-51987.725984730219
-15175.760280984015
156.22759886100036
2724.7585351549255
-15726.609295754246
-19824.372481128641
-7050.7311374370511
-28897.074756909449
-8251.0968636832731
13090.584061501482
-7542.5762744476770
-10743.744593266063
-7025.7635858118010
6713.2495958759064
8135.7818038258965
4901.5858683067472
-33166.343610072829
-1071.6030421480496
-12662.177565391034
21920.725709865990
8557.0609784416320
10229.069829766182
-38855.631611165751
3832.8110882777428
25782.219855689360
-3783.9734667049261
1260.8610414248722
64813.489661217864
-10416.331561937241
-55581.457569422673
-2565.3794886643896
762.32211867712977
-7392.5095274465148
-5425.3940887787967
-5584.2247202502977
16003.137247869399
-470.43783537716632
27939.263583352411
-24985.153044487543
-12472.075748058376
7815.6978827754510
-20930.408870183168
-4667.2884306868973
-2129.0531821674394
-1206.4816546783923
-19233.508941769524
31602.459439937858
3127.2723021012439
36923.533032570886
8856.3636059359578
-6265.5090157097748
1862.8289201754551
-33334.256365363872
10679.786803081857
21056.217301054054
7042.3219308761054
1785.4175066149387
-2192.0319349776541
8219.5699468402436
-8355.3811024358729
11550.961341889411
-9215.3571279206408
-2095.9517537684123
-3989.1220242005784
-9603.3786267367705
-14301.876077652249
-17333.843962408257
-122.15255047719191
2786.6081785482575
14420.882589908435
7941.4607318974749
681.12484397891387
-2216.5511048797175
18291.472271612154
16354.464317346939
4568.3225906471916
2519.8327750235712
-19930.841733913981
-838.43434357894569
396.05846375599822
-6571.7513439735276
9286.3534563335634
31490.991331816193
25267.923839173720
-6883.9531288772905
9920.8214655302781
-21020.363821996336
-2147.1664616506469
-8999.9140913310439
-13925.166490639302
20904.894737619070
-566.98110719507815
6019.6842815493619
-12884.970373148239
373.42553018193496
-4669.6459589815968
1495.2910643021200
-4027.0529419249783
-14764.301869585577
3499.6701296223755
-9499.6812582723760
11159.227213706517
