22.348941919128201
-11.017832780575503
40.756756124273771
-26.424261909507798
34.393819618439501
-5.2100916322914106
-28.336458717773045
20.685321456768552
18.566166764204908
-15.149635945863057
27.788837979376702
38.434218597598395
-8.8387545157724592
22.780012314044185
-23.726584454270807
-86.100689247708061
-129.46609267837025
-.27298305945324591
-54.135800184324957
-1.6114696967484106
-7943.7336952206879
-4.4168846065442304
-120.03657419509069
-8.4144555625909234
-19.646565395746013
22.532423134224544
-6.0464654564257545
-5.7668729985199469
14.979401749247767
1.8340416523131131
-70.923530365733143
-24.376642908023740
14.524125847234018
13.493470950053387
14.923378296771986
6.4399386118918800
-.36226402686821896
-105.26891668416097
-12.559658541259461
-58.572493927644096
-10.903618916506263
-10.224796903360104
10.319877963132942
43.634472963761773
-8209.8718651616218
-5.6973025788045462
-12.711240509603229
-5.5864944143657453
-1.1108721285752026
3.7329267838107056
-15.344796362434387
-6.7602259085407708
-3.4756971051882011
181.04366376500542
-4.8368542273155999
31.162490309453453
1.2840266516812415
-13.616724553286538
10.344065995060838
30.843305392948178
-12.583641158989733
-1.4816245214100900
22.088156759648818
-60.066315881644478
-10.409606756764280
27.695246129125231
-43.975025551848475
-44.718421072569285
-4.9834060346431039
15.588507431708601
24.937569442754917
29.899865420960126
-46.013271648103093
17.033580207943746
.17883719606852400
10.668976294956058
15.477004945232332
-60.837113453920722
-21.549615656477464
1.1043758207661198
14.513061783297269
3.3938357546574816
71.500200791530048
-40.371160349527692
-106.69447429504066
-9.1335576017535480
-8.4989976563558489
6.0435104906082193
62.170928707950750
-41.139261269475661
24.918814276931194
-145.67086772942633
28.472818758053073
35.394791989654131
-.34170333086751786
18.752108357353261
47.151196062407585
2.1209381116352528
22.819238331286201
-1.7704859265037174
-90.273066836373673
25.673415968864294
-7.3788393950849382
-38.999589368339720
14.591393501323559
16.311154976531832
-59.113191497405992
37.252668161011265
50.766948987845311
11.184388479023102
-36.593203849285644
-4.9955269137185008
22.755392562284420
67.779913254108052
35.443868347652227
-10.518362862039707
-9.3433398739858369
-15.221742920540946
12.744993085075965
14.486254094391311
-26.720960439909504
-2.6708750846781530
-2.4607068752756063
-17.639254472957919
-18.307670113869648
21.206032451460864
-5.4168837375645111
-13.290842897226037
-18.722872832862745
-39.180347552571334
25.308028200479491
-18.893221774716295
7.7321739504701892
25.897957633749414
6.3782195345186956
-7.7917043849223599
12.058591868778688
-9.6701477362549202
-7.7649370611360879
-4.2975242653291685
-.47464939449452537
-6.5218584455920077
24.844988926575521
25969.855217124496
-78.377088802724856
-6.3297149201667411
-2.8906525837539494
-5.6680839648896457
32.752537688191850
4.9335383387014735
-8.2913190032447392
28.169768760936361
-58.474509315765765
66.708076710991378
-7.3722662166976454
-19.237885152891511
29.006939611001432
6.7731591796285295
34.113808012266929
-12.564524808518041
2.1323759512725107
-973.06189106703198
1938.0682390267132
-.96051911956221558
23.624214403774399
-8.7503054875916391
47.430227640308708
-17.179058775248219
-55.723421002337950
-17.717663965641048
-1.2666166730682773
.87632119035891978E-001
-20.278282459599946
-1.5796622854578366
-10.162363294209987
8.0189474619727612
26.171759100631515
7.7701669063736842
-73.118890263786810
-12.990989960494945
-6.4312075639974395
14.613497169310167
16.388257139771031
73.682119797579816
21.856311965276330
-13.289528882039344
-45.067508979489453
49.378449108913046
29.366765135212535
38.031470651847251
-27.090435509569616
28.151494099628646
-3.2396519001027455
5.9219138177615163
78.670346417742891
-28.792254371559803
5.2081002997125667
-69.494149043767905
-2.7768672334229394
-15.335275652214401
-48.263058952431500
-2445.9820903476170
-9.4742729912706540
2.7192150416671792
96.292934663345690
-9.6690613538768897
31.353853424005081
-30.342797892876380
50.710970752188729
-3.2030097080092830
20.576299996790617
69.618799933367058
23.887246789111853
-55.418215557775987
-21.600794002525255
-18.303739868595766
11.494425921015671
-112.39992042359916
-18.863388576000617
2.1573823059890720
-25.515977834741697
-39.441983144061574
89.007791795289805
-78.644309286371566
-5.3120606494097951
-15.885287406076467
3.3635139233609546
-22.987448209907885
.96854895879169078
-1.0249625329892318
-20.649929786244186
29.975257415712974
4.0892441419386953
34.913703607010270
-3.2638142075815515
13.146854207117840
323.28440436596867
72.313359045587660
-35.213675951465248
6.3972284968141002
1979.3301534028701
16.110453087658811
4.7308800039317473
-78.795166012774871
-23.038148492842453
-129.20468157431335
-50.891776790287857
-93.370544038206972
15.774113257915101
-2.4622540947112883
31.755652162468230
47.328531556368482
-16.280351639560568
-64.964422943895386
192.49939520098292
11.281552939387025
-2.2801196552075673
-24.025013887724683
11.574138172692539
-2.2645434652536567
-10.962556536987703
1.3896978180209483
104.01814165153894
3.8721972322256240
-3.3730222630333353
-23.343925639707475
48.042451542570994
-10.123026228090996
25274.918236219448
-64.416247862103816
7.9721397967592651
18.604627960638496
-4.8410845480933418
-64.366318596386904
-25.871018123980924
-25.404219581150834
37.876515084497086
-17.930071915569702
-22.649569258087965
5.4962906409656025
-34.579896230714660
107.94842498166253
-16.915198988101903
-72.083234647851810
-154.20537197685144
-15.855736490142135
-.31364002616105241
3.5281387709223848
-15.525905258830564
23.784443092689589
-31.445206558135567
-6.3795960976990633
76.143172568971679
75.503340658933539
15.073272892115412
3.1131189310898972
15.114054505754121
31.184437464584640
-27.430307092154841
-63.975264415686446
53.219440690463742
-67.747541696710854
-63.340120419927224
56.999055322631925
45.210103097727604
-6.4314853745494585
-29.100405777545550
-10.254876899488613
-43.337749535643567
-9.7316283195057736
-11.936471334732330
5.6413285303568301
26.397735371580183
-5.1110977988616657
-40.688544713709568
4.5045804554546303
40.743942225789404
.51711946936577402
-3.7996399844247666
36.069163555795313
1.8067527507142380
-12.479293445598289
-2.1815309985117719
30.848532439279921
66.447190046752297
16.731525289868330
.88292089649241445
8.0211933699977838
22.370893616251671
-15.104254013065360
3.3661989418079727
-12.335737995620143
-7.8830397224157149
8.9532291479823805
-87.247618059499175
12571.975047006792
24.293944274859143
27.785449260838959
-51.677687886730816
-14.983094264180133
-36.425459851525531
13.071948481154735
-2.0794430762905618
-147.81815406266355
-22.033319405189797
-2.1257792055844402
-4.4886338534957924
27.125547931846917
39.993887552569028
29.346323502808637
21.833822912010675
107.91879270434376
-80.095018085994738
6.2854036854250461
-64.901323988760396
83.026088950411960
-17.996463480687396
-13.203089322486166
44.129029534249362
11.763321865295440
-.16235024879276472
-.52154519202840544
63.197197407002221
-8.5040020668069634
-57.602205519478318
-61.592926985971346
-3.5871476826857376
.83819526071068917
2.4257255520316119
41.573809425194945
-35.822036288919428
-44448.687893969029
-68.883912497747289
-9.9706556224520284
202.63494033926582
-10.156847321079436
-5.9881920209961210
-136.41183004524211
7.2342519456080678
-9.7954205697366703
-98.104341781523232
21.452825170147850
-19.566245315774967
-33.612887280467433
89.548670459187676
-7.3488518797279072
-38.004596699296862
-59.286490857899665
-74.637640404399292
-.53904075471577373
-30.217081691145985
-25.957684528460970
-7.5253428463291634
25.526002679183957
99.269506719611570
55.141684035283397
-4.1938752894782096
7.1556405303313744
-35.175469466474603
-49.208875022881834
-10.306467856419195
51.741025006905090
54.989045803163371
-59.569405973783923
-19.791011541903544
22.099833476683830
-13.490248768766980
-7.2464925307610963
147.64564879279121
-9.3728609950593391
5.1124755272651807
-11.164584949667008
-13.287228629543476
27.564310240370929
-3.4705099191075122
1.6187466974369613
-1.3329908444048297
2.4984097273847183
3.4148363120647804
25.975575707707890
-41.241900890771944
-35.127984349501858
-15.122025245063295
-47.686277897034067
-.36212984486075328
-20.214803474486004
-14.511426414258358
8.4120764913148136
-7.0987832723145647
.80301459644336737
21.148662289866994
49.585743389623886
-20.732291654724115
-17.258975807007101
45.306377290304269
20.628165148614396
-113.41621387584928
-12.290898441274335
92.586862931976299
-18.481461565479183
-6.8308628307020323
-14.646484407752222
39.220938595118213
-29.908046182272507
-16.660666543437795
118.21734859181883
1.0696259442146985
14.013252128817287
-41.638315417968229
-20.544355579079145
13.677032547873067
31.942541872128345
-5.4660910601201387
-16.496638163176481
-72.930808592632985
-7.7414427495531966
-32.366404544964382
6.3750579815080854
-4.2633814634477813
19.663718801103112
-1.2893960444479236
8.4047210347826589
57.226429402517134
-57.588103380566515
-5.8109463230049325
-121.71152617492146
38.687844621397879
20.880082078058596
.53476116873136970
.60581130176258036
35180.512135499892
38.844583665457357
-14.556199395110328
-50.215893652031525
6.3057151976639272
-57.840486220246653
38.061848521871056
-11.768570939061568
4.7237897770392836
-40.435074245641239
45.456053697761227
.46673676727387852E-002
-5.9184391260986127
-2.9807640462452563
-4.9435636839005186
33.423472907147648
-11.903440264991998
-14.448581515588584
2.8111384092599634
-68.175084352125012
10.150761453391512
-2.5978590106484778
-1.6289077937048406
-21.338706172336341
7.0950225165595855
1.8667616423580480
90.432749648743169
10.045970996704330
3.1833396547326989
-6.3494959512200708
-43.590820162270354
-199.20390878106440
-13.005376730655323
6.4566822357279818
-2.8848718885657600
18.873130964623169
-6.3742984620884346
-.44370456063447666E-001
-57.707680250457678
-34.079184845418112
-93.523353815084974
-8.6875720349929431
-.62341680025824797
11.302354617545314
-429.61459472792455
-33.001652845907664
-11.365362525667301
14.873018687434561
16.384469753669727
3263.2267892131363
-9.3116795167964579
34.070568620649894
-14.338615512697764
-211.68298151604174
-11.857639061593003
76.511068862281903
8.7659590207684914
-1.9305153256227550
5.1812228434350800
-15.089738627033363
-3.4196856709957744
-7.3645734345118461
-1.9032308521225196
6.4804019285316512
74.788511944653436
-4.9616953328625035
30.564420661329599
-27.368603902837510
-4.6607376662193580
5.6504155411018155
-34.870461576322739
23.227446632355488
-2.9414366782456862
43.167242473969665
-42.591653316030602
-16.778083055982538
-54.083580894433950
-16.118450692275733
101.83596355580933
136.57812620770437
123.54336814000754
-9.4042839128241891
-11.163304381756632
34.580502417338558
4.2513124471907435
-45.695171861571943
-68.217206893483862
-1.7805954035404223
-23.158031625475530
4.3489633420398350
2.1463832757120955
-31.063173266727219
-22.542315851021474
8.5469875284093533
2.9693035853475327
-2.4623589371960901
36.087385999666687
-3.3745362331985818
4.3105344896612445
29.342181631516706
-21.049065380705962
-2.8887251018046975
-5.0209006619438910
-31.700213661543270
-2.3586406009156309
-4.2499390040735241
8.7371148058699823
51.603302815614633
-.81387736228372043
43.790526041217440
80.235886751673547
-6.6536611474583776
50.250197267252439
39.908777272284951
585.65919417321561
-14.232955139100550
12.442932046320276
5.5007685865033382
-10.125720624162927
15.443430178937096
8.6529203430017532
-5.9654530901930425
13.255180446468245
-28.671614530959172
4.8479345280283317
2486.7736251872643
-19.310885510837796
-40.373945868716085
18.117452385101654
27.013880804923009
17.436514474968401
25.810434497678369
106.96923903271804
13.695292398616425
-1.7409116706007879
-28.200415645386165
-476.57541672984115
-71.154431732275100
18.201409474719959
31.146273905541747
3.7076552197893404
-21.311434399767446
10.298993207065866
10.508396005382211
38.573657216930329
-10.908524790722025
2.3650139698193660
-20.141024138012998
6.6690090600052088
-15.165954096866257
-7.2690439591166207
-19.062477131147681
-21.532333954623503
-117.70088862433164
-13.198884242903613
-35.743686738830220
-85.697096290977399
14.946292343260296
-10.993882709647860
6.8054844932856291
31.787147858104170
-2.9985236448680235
5.8922040744002890
43.413704848779389
4.6955595997750734
48.674655588750923
-4.1554522044611160
-105.23349177000959
29.709074353411520
-8.5974116657703377
-32.557297270406423
-9.6340338811537070
13.154535553953824
-54.166208185557508
-2498.1281293045868
70.120787934896185
-31.792332843273378
11.785508031811691
12.887252841524838
6.1986338148368407
-7.7831915401325338
-2.7759754157475358
-11.153356169766244
-47.953261668180083
2327.9881624987629
25.476850515547802
-76.829414356162971
-152.62615560092797
70.885722865801142
-2.6958179153062276
18.937892673030337
74.188674648520930
-26.291621941336199
21.866050454726913
4.1372395201819572
19.646018922947452
-4.5478813495305257
23.767006456991052
-1.8589881564431854
11.439562024993650
12.041026727901468
-22.477580130582371
4.3314762229045654
-83.209545398379817
2.1648752607472601
23.116088414459661
30.843893525949021
-3.2419000095094597
-45.926944515262591
86.177856923595584
.16374276112351818
-48.942538684340114
6.4823732633712883
-2.2476515020994952
-42.861925280284176
16.259981543661571
-23.436324162919991
17.506639087220616
-13.657859863641983
-79.850804883455965
4.8308676713583338
95.682528001886624
19.833767811048560
49.722370846888943
-20.205096344234811
28.651597272532580
4.9563730755105686
-139.14163876341905
24.966933125733128
30.744131129668311
-8.7072025594594926
6.5508997543929999
11.342299978277000
4.5304412390703686
-32.977104520945574
34.425811464659638
-216.67366323246168
33.431337201616472
1.0458100714080143
7.2301579398997058
-169.97065893049816
-2.7738351935200649
44.462333150382157
8.1892141679782569
-19047.688551290397
-37.282364900983417
11.457624597365758
-19.389438700661202
-77.474295320323918
-35.594789225782378
102.38173903483411
-35.363664387882913
-51696.459796286785
-9.9137663609574638
2.3350021952660205
-12.868021261834276
174.46627214205469
26.364504699149649
-2.4990218627232847
6.5204309400084783
-6.9314599761312419
159.53898396186324
10.788278046823940
9.5058301487600385
64.978592749312341
.49048655609057580E-002
5.1669152436478560
31.648409739135769
-51.137220949616776
-34.455239931479042
3.0479620391500721
67.001200589743220
-12.506246185315261
-9.1248637553727381
54.650666806037897
-9.4021604485709052
11.318875541762822
-40.846468979988281
-34.067809147672179
79.815489264120984
-19.110541416418897
-42.438815829150599
12.159361892705816
62.061438870963734
-16.261760154164307
79.965685840584726
-31.581885036667249
-6.6421515638903079
22.493345020297021
-19.007798212342262
-14.859983741185331
315.42718106303113
6.3719571246151787
38.891983001382215
21.504262569712232
11.681686280722008
-19.433994623334709
-23.639098011835205
-18.859615941752626
-81.635096297148877
-44.053831413549688
-29.379576611262760
-84.412592242624967
-19.460613178110137
20.733990410765070
-55.668283367328833
41.270891056864151
-86.458036054484253
.19521174735673469
-5.5529054353513549
-18.280804691457593
25.743814580841679
28.397266657199282
-37.029401318808269
21.643403144684445
-.78190626797457741
69.563282831919395
81.862351680945778
5.8732886212216702
-32.552757207068147
42.278123822042950
14.723870489136013
-3.7535618236186337
37.320428972510975
-52.126996338886698
33.251827350403062
-7415.1106050444268
155.15007353654391
8.1400104337282855
-14.050031498785708
-31.095214982571594
14.338791251405382
38.291236436685523
7.6842733157004277
4.9773672600968402
21.477567749260512
86.616921798794280
-15.958058012126061
-48.778517335862887
-11.654937663435145
49.668360050228507
-6.2169793395340314
-41.194564012587840
-26.176784759954707
57.266572546481719
135.50187244273747
-3.6154347146418488
-22.504665062357549
-3.4710225132455852
9.7454492916178523
.33285911144558672
15.722948286458665
-3.2899734859972756
-28.666788592626840
1.8016454875623018
-.13174116603701183
-19.555779169348945
-11.574820092634804
41.244491698653910
-19.437397072883439
-43.929212538997056
-186.54214975470188
3.3613542579621765
39.186425190246169
-27.598544043388003
2.1686918286303780
-2.5018927015567947
54251.222888734599
33.222220666264214
-3.9280811558744526
-9.5563143105947344
-17.406544487002236
-4.3272458943175272
55.901568795882582
18.173550063630984
116.07974273740898
-72.809620190367767
43715.777707160327
11.865163720637645
6.8091372127781167
9.4631676319885383
58.573872082270142
-62.607840477451234
46.655578524641889
-110.98414969810662
-41.042123563352732
-57.845860326874416
12.958830776427822
-6.2552038136067800
24.596028484729544
-51.143047852417190
-7.6917429288389103
6.2082194226257048
3.9339618032933594
55.791733985079247
-15.341550874802008
-30.161442552063075
2.7685336595955747
8.7014865956610876
10.493820486546241
6.1634846968307579
-18.514611301036545
-68.601004422445470
51.069465048413754
.12460611396875110
-13.379814071494549
9.0726923927415672
-42.364368291214632
-31.370441862358071
-32.008214335640460
22.176141731696035
41.324860238649102
-1.1404505301726453
-41.624512646067515
4.7370009994696280
-16.203983681417476
7.2265068749701697
-1.7534347250010245
46.370439825197380
23.929277635953270
53.111559193930404
63.591941726889715
-19.905945224798113
-53.429023687321489
15.039159654027786
-44.533146319877467
1.9257187988940645
10.475963297819865
13716.844369165437
-1034.4243950567868
-56.562282129863654
23.769588100120480
-15.617620411295109
5.5516957457068612
-7.1071416092358897
34.971962731747965
41.884653007532577
76.384259834699861
29.858276835672410
-35.852447417110085
18.365618364917260
20.952566869326368
5.0797682503615125
15.732851710628855
-14.051179114526343
-94.756583369447014
38.937376532141805
-8.9277966583764723
103.24370650691475
8.3216954984112022
-9.6319581781542727
-15.870202833409687
12.853027728213030
-22.419345005367159
-24.173660233931994
2.1166785487954609
17.281733749036242
-4.1951467432918115
-1.1712972454617565
4.8717382426797595
23.136216992303172
-2.8937411251810907
82.397573798063860
-44872.360181765092
9961.5448936210614
.18690174698624520
-22.342920867017220
-27.066877396056313
91.871590081379807
-2.4444350177486664
-7.5422577377273239
1.3230115236710658
2.6404756199719981
-33.739285250526535
-8.3706255206185780
3.9589636313448651
-36.218478807285052
-1.5893274601272049
3.8874651174704069
-27.987454786444395
12.065820035936724
25.595874068582493
-2.7602966581401143
16.505783630569614
-31.013817806259894
-172.37047926145456
-34.043363872110298
-39.223120628021697
-22.057888824475633
-126.76066269489003
86.770101204730508
-31.785191577910236
23.265743331832173
-14.476895401118307
9.1627899810842273
-12.638508947385152
11.166517761732974
-8.1017772693899435
-10.757516839953547
-30.113535883542749
76.671888653811465
-12.867577240560509
-17.427429104230093
-9.6210729613633799
2.2701657274528184
162.89212892046461
-142.65753108133555
-4.1817739153039284
59.763669366480478
122.89729971144286
-25.994940324147727
-51.753246532811524
97.206042485448151
-58.248434064066359
-10.837015594009641
25.744564430775579
-46.269565910959983
-12.789997065216628
-15.134526115195094
-6146.6080200487941
-45.311224224132971
21.048209405531452
-88.720216117294754
77.440155560584842
92.288382716437184
-28850.480356899887
-59.900434866638491
36.354123013666033
-37.909953226050781
12.743507784622921
-3.6361070698589462
-132.36540269673520
54.105857588372047
-9.6610973592783527
55.592940588682730
8.1326281260133442
-89.698281481899556
77.712407629310235
-48.623964965410522
7.7962592938498929
-23.208125975923785
-.17010531753053781
33.252351326589519
-30.386241920503878
27.495616404521034
73.380994682343598
-26.671066934394222
-31.726796002493305
8147.8544381921056
-35.071565646663515
45.590288873223784
-22.971249582229689
23.799239249093631
5.8154759752209699
-59.456826863506258
9.9648335019873109
13.916457714304068
-22.446489383897227
-4.6881683349762522
4.7592200442122987
-27.180545428008898
-5.5434353361193436
-87.773512059858248
-141.95466677129463
24.214381945405179
23.454799735268395
22.107884667090993
19.086240663831422
-.80527382963320027
23.027983004218800
-25.649241862829935
-41.791871161770523
-41.829809826094326
49.955495553927271
.38808713732717520
-12.695761343908863
-33.731477882646345
116.85070381021970
51.287296219544004
-36.587337989634385
-15.479975464732970
-45.332221881986051
-53.492864510862347
-36.425049450515878
18.005239848996752
15.889938214832517
-71.353203880594478
-81.303731794047607
9.2981207165689543
-12239.080395918783
14.503080759775818
6.4486737942519072
20.495594205707768
-38.190109208017084
19.082009125858725
-2.4926284359655644
6.2722969387851011
13.529903874300583
392.26890607666934
-7.5868200989525763
4.8577871742649190
-86.955078073252210
25.447668130654009
4.5574301322662976
46.020194583453055
-5.7436200505115025
3.3039509468007595
95.879820903748595
-29.094268038921054
-9.4522931707364748
12.402984984544824
64.310219658900479
13.114227671231180
2.0013632752529560
-2.4480262242352033
25.582688787169236
13.646987252983863
-10.920015223743730
54.554777337568517
17.782716518110387
225.89377979906516
15.161176483024425
-9.3826606745312251
-2.8029522394521913
17.474633317023507
4.5477233733453080
35.181766617236796
-15.892854081965432
20.497627434710616
8529.5957427514277
39.343273565764328
19.372434986439888
-43.335620325051494
-21.292693373384360
-1.5397073888019432
41.884198634553584
108.18949295666967
292.25286143735599
8.3897467453841372
8.7183618241796630
-76.209808410516132
60.373227593984510
-1.8440590455286541
-23.366431818562450
59.829881521006889
-152.90360864180485
26.589837714805789
-32.493638649451327
46.543867198101957
21.514718044456693
-1.3993815669319800
26.330245045141684
-54.444258336863214
-10.469121103780411
-111.68890948037229
6108.2417771526643
-49.975532213213796
-26.739168894329371
-15.508389301047648
-6.2187035991518238
55.217471173623053
-28.138428315387909
38559.779820690936
5837.7854513306893
-67.648140641600307
20.832146715111648
-4.9020090301414685
14.650625191445046
13.887472125525298
-4.0694329050932883
6.7289596371197353
-814.77657882193637
-24.244108459718326
-52.642097867200953
-45.824202624506277
-30.265863998459558
-36.797105185457156
56.925984537281686
35.413887656828642
-3.0162682487008619
7.9839298186292549
-11.497483962511074
-19.847003779619129
.86900060174350058
2.2450713557470197
69.279223004632343
-8.7066857395674226
7.7059310308543782
-7.9619312731870284
-7.5495116968277136
-38.489290792049985
42.809616799587864
17.161358970848770
-26.650204558563800
24.048995788422172
2.4907976595129244
-17.673512054456626
55.369682467362480
-20.845875440700546
20.478673006381833
-6.0633325785761647
59.532669384788427
-23.661869750431354
-60.446545609297154
-20.337203493172350
-5.4955874108196490
10.300767703887756
5.0452904211316376
-.55874871093074696
-13.296669171218824
-39.731303771701079
7.4287918478238248
6.3099120307338845
-13.479691801289141
38.450677314819224
18.085456082207244
11.647389278007608
-2.2534653470817423
22.328498008824589
-12.574467126375449
39.527828921765234
12.848890138637707
12.362046727821248
-67.184149019475740
-11.946907354533897
18.690792476560247
-73.930204534705723
-48.773368863200957
58.366874009495689
1.7177812383099271
1.8972673364654156
-280.93821094103595
-21.373722777558779
5.4608793027588689
-.71641418435665816
93.186937998627585
-53.505648472123049
64.648441139707415
18.105987574385995
-.55725751076652963
-26.560422108761870
-11.848669891572220
-.32530682502267178
-6.6875170309871210
22.465984374293345
7.6295362036067944
-27.221260900263324
-12.544050221942069
80.410064034619040
58.812090962784524
-9.2350810110148007
35.390847146643566
33.342856062369158
3.4571074507798718
-27.115105341042401
-8.6318501063696189
66.145386938465307
85.457798970135187
26.338184174746402
.74697470181472181
119.73302559567297
8.7059160882027768
-18.737635938533657
18.675836501332096
-22.736990323028124
64.353356156450403
-14.323153322178946
36.412214118037610
14.118974726947272
-21.815331162925190
7.1653650822946080
17.336196308616092
185.40890220122805
9.2763725868387752
3.6039200974565038
2.0342387174695595
-16.687062586885446
1.1651614467967135
-4.1741232163625757
-31.791447904007434
-21.263670442194528
-21.809413483177693
14.352646057753637
13.062662326332884
1.7631895031620093
86.852681871308036
3.5344372084638520
29.598038252555408
119.16795904771421
37.169876098802980
9.5734549739103585
4.4325300383397543
-13.050616764597390
-85.986492996128732
84.264274215764289
33.117394217641106
319.05774655766254
9.7143904813715594
3.4645808107839300
-122.54603835012925
19.353688242501914
-1.5556610591790285
-24.544435053145655
23.615228930868728
14.329241189032672
2.2398072230828223
-1.6568415326296109
25.902371331008720
-37.584101225038864
55.670560880434252
-59.390270846661792
-56.813207995766703
25.343430700968543
11.168442503412896
19.408649588139205
-11.146417149900580
10.371827225784909
84.472568185143672
-23.376541823700883
46.781010892220586
16.430553890742686
17.865526786546130
-22.264506882491009
-61.405384168631002
21.985596742999867
42.081214224673658
6.4065545005032591
13.936693322222633
32.700961767702125
21.568128159914380
-18.612874275065323
.50254426924277140
-79.115650351908272
2.4806545570296104
-23.375305714307032
-35.335655632941140
26.737431211564054
45.448354551980586
-27.708992583207745
10956.848528363262
95.396145444421791
16.965582535171603
47.640219496406125
107.39255371616125
4.1587147638513411
3.3916276913637611
12.586746070159712
-5.5535776752169133
-16.766695630580482
-35.556379814698055
-65.995092455882514
12.397787953629576
4.7167105007412573
26.354091345683464
-25.094406958466561
-.57075877269446118
-46.260720736675104
35.355605313753045
-48.231171473236053
156.33933891428100
-4.7126391445623144
20.830572370278773
35.945617093089581
51.730697206469394
-567.19968991138398
-5796.0922158052699
98.018794283758325
9.7994051231220372
26.715541555738032
-10824.582061539972
-18255.237327336577
13.794923938934010
-14.434718313348002
-111.01179093548417
6.2638418927748436
24.217801968094690
3.0030671091382333
2.4464550154964719
24.820421467766689
.59566962503280030
-66.324005534166645
-39.197904620641552
-63.165472655702906
17.727021040987417
-10.225063822434521
8.3659405622774443
-10.953812495362191
13.237060279335322
12649.319580970645
73.810587572608668
-15.226720107067846
-21.307202353577384
.62291357292451521
26.973638059865959
27.971685482544597
-1.5484410383685727
-12.390300209399156
-2.7370648861470279
-29.999112016397408
-77.804496287498750
23.555696322455635
7809.3181227862488
-117.14966981254378
-37.493921761101326
94.330649319059475
45.355595045473841
-81.323237117252248
-12.512737751195939
-3.9587198687140868
5.7307922871498986
18.575367920720005
1083.0968363345098
-1.9773348169337117
-112.03174396796955
37.450644518345619
-14.616266732350814
-5.2408376954280191
-16.501519790065338
.31929870512727693
7.8053814813875322
-7.5485380415118755
-9.4703339077175333
75.696985535955818
-30.697469145849944
25.189492250809870
46.582717983375211
-20.709557079395172
11.251027529003412
-17.236203182376997
51.201333214373811
-97.852806603111688
.85458674057706227E-001
.65178241472168807
.80601053070342865
12.909909788435636
137.90386079699442
-.74914170715983497
3.7610356195762509
7.3052726637198244
-26.781796723682373
8.7845064686438317
-4.2443006967472670
15.773641076068650
-42.085804598888330
84.273016367701658
-29.531403227609701
.42617374258994312
3.5924091601856696
21.394846618572664
21.029444083134933
-64.977721169851478
36.502131834905995
40.422435711847854
26.629832113353622
-13.051539632083053
.69033570756578699
-27.543108417100914
16.829055075992549
27.706662816961739
-135.12639292686021
-2.5344869134700270
-11.849162774315719
-1.8631601096614674
-55.642570019173071
7.1585610452096162
-7.1895564722553367
-18.648789742481789
9.6534927098063843
1.0329185313113842
-18.652545315625428
-70.273553251863206
45.945505528172035
-67.277452668506783
47.623627952184819
7.2935824245143959
-44.623201806209003
-5.3787039059263835
-32.604049249210590
7.3241297819055449
-27.429473352340043
592.17690090416772
4.7455042340796183
24.515282769217141
-118.39988838821716
47.539741457387692
4.8986252210240622
7.1628728725649831
8.8632407938362068
78.397724223952721
27.963627664706660
50.538188334365103
33.268965779071465
2.4570299104596480
-16.586998013130319
-79.811470518209575
3.8475396291436943
-10.465422993061525
4.2395016086470205
81.171872859758082
.95759414820265654
-171.99527689515779
-7.2835057720671097
-84.761227411706713
28.054177082381159
-12.651675210500082
-4.9811950686358148
63.497115141408642
37.860736210244490
-18.170397640035379
49.985987360621664
52.320805205742460
-3267.8720085976388
55.923817634002241
28.393946647398753
22.642198460259134
8.9182191041837289
-19.704377478325000
27.421081120025253
2.8154636341477484
-24.092073903567300
122.80035008543219
41.918208400851071
11.373909629165752
32.069942112806046
-14.238366652464366
-83.421918184078692
-7.3792984336169996
-5.7827254832181803
-14.051897746682101
29.574078955142362
7.2112543464464096
-37.055510884165692
12.644139902948897
2.8330912354484701
-46.482359657852982
-1.8413392006150144
-.80650787884223396
15717.348647022676
-193.35440976892457
-16.219261164299592
-30.111785461639666
-10.924586630717863
.44782237020702148
.23325686995778266
1.8906545964201877
4.6422755543925902
6.7660104963328003
16.828083245301670
35.067038583485079
35.987124600601007
-25.370064260826229
24.466025577138623
-9.6421907460338190
15.733542997367644
51.359772932052600
1.4920623819006371
89.289073665947811
-9.4648597937423222
26.387582591985957
-28.255653087426833
-.55065036324875716
-5.4381395090108597
12.448130870591990
1.5853834454997926
-50.111226802779690
-18.367930816001603
30.378304637543156
3.9074613868366184
7.4910458171043119
-7.2600969451644888
-48.788479986515462
-33.497357941327763
104.56459193483269
-6.9392647336305329
-18.816780729671990
-6.2009228579752076
-16.388864541140720
-30.148280882518268
-4.3669772629630064
124.49786673648954
-21.496823504609047
3.4812990962032466
9.1258896601907793
-1255.5777241581743
-50.243832029928846
-14.028900047116204
-3.3826058523706646
-2.2480808139139610
-6.6262177912740015
6.7238808611996195
-3.7419496160966603
-8.3713318265838268
-3.2075584344019674
36.143669990008490
-26.519075856057007
10.881728046715940
-105.52712075615277
19.589285648535157
29.888730525837886
13.078648147026495
6.5085355267066296
-4.2547447313474098
3.4353920542408551
20407.409972948502
-12.437488526899472
172.76581610191607
29.423718912692983
-26.194096900774156
28.019442801735167
-16.202556063514127
1.0877735074350519
-19.651896802554035
16.587512576327317
13.962370182595880
7.3851569038324190
-2.8775799116170244
-111.95167133501255
47.183073212048001
-32.299793063104701
27.591000437179186
116.28036862617975
14.912567209955878
9.8108182785542386
.35898367367917267E-001
36.778668906303338
59.526195294425385
32.986875055822601
-99.560604511796370
36.191807400187898
23.950235871844161
-13.007047407242110
38.867605624975937
15.358138700662876
-54.122179556388218
-2.5581636930810361
-6.4156463172759519
-1.6146557067125191
-8.6776916451704551
27.203072793761834
-16.796435440408498
3.2281230279395263
-16.223962283368433
9.1619242610599514
25.378905376266701
-21.182083876911950
-24.824888059193405
11.615669396875669
50.193088085251311
-15.596163260965849
-46.627990252262123
88.933006004831697
-14.978357711318735
-1.5420026730691716
12.706952820237241
62.322718721404300
56.098865210541419
-90.797836786398705
58.179952004715524
6.5195094495251276
1.9585329933175635
19.791045082042448
40.995667106821053
-.47980299967145479
-5.7555297677646973
-3.8143900800902188
54.472139694311181
-30.626828806887179
10.494612858369969
-12.142779266608180
-62.725387823322109
-25.541087025230578
-50.324081195897570
184.02209801861406
15.387114730257608
13.486707552559279
66362.034842613095
41.699319877103122
-27.539904421867675
-162.18415789005670
-11.383915139691407
-10.811700143188936
12.861586235617411
-22.157954055437436
10.829959152428360
-4.1373445397325295
-6.4209681506611682
-6.8582025045205803
-7.5809472111570040
20.137103171841535
35.442396173831064
37.569816093775309
-9.6563021346635427
46.508027445652651
15.922858129824800
3.8375824160483489
-33.092817759259709
29.951337841560395
-70.271956904267910
44.949615270903998
7.3716831516631025
8.9128531980319714
-15.970762069648162
13.133539436625666
-46.585989263132006
307.07645779492475
-5.8385799768433282
-2.3999257391477866
-44.747192812042272
26.769386825357142
12.597128840099272
22.765077646191813
94.446468884040527
-12.453073296340794
-64.372120032873042
12.305112940785062
-7.0050323809003494
6.2577478545206517
55.532783537966246
28.249286663702293
84.148414624892936
-1.5854742854323884
118.39209378616002
8.1692314954159659
6.2475801046977377
5.7456351677386737
6.1459870141090853
-3.4136582022466126
-53.691838186004560
-41.029944044009440
-21.826717372911460
-6.5668130893643895
5.5567770319767105
8.8197015258127198
19.730224176038902
6.4505010645644001
30.352787170754706
-46.949228947312356
-18.355974686201751
-12.725773205330887
-57.212306620788034
48.662104905331383
7.8871074264628351
-21.357928933097789
-20.857289966720703
-12.437886484812529
.81785443849986372E-001
-6.3078725604829611
-7.0168328570531164
5.2302926047598577
-6.3778575208233876
-2.1232250249659206
-40.103541700200445
-2943.2955082998892
14.483591220138003
25.518391271041413
-40.981811780083817
-14.492286487167005
-29.152586410139108
-29.842569529829746
-2.7124439362220309
14.503942193020579
-418.96205305136021
-26.918993733888300
-5.8025529461594267
47.495330335274502
-1.6337319391247811
6.8177036899341967
17.243160219778151
47.036968978299619
2665.8858970807796
-14.907737068307384
-46.496376919819362
4.8981486914675969
-1.9493932312921474
-10.562189718205461
-21.453870577753186
62.282373058309396
60.358809710692228
-16.679617888211205
9.7778593587530569
-50427.495482398343
-45.555321426520159
2.8838905519927742
10.292263481382426
16.560920621824803
44.836061269577208
73.954528401424639
.16822685295561790
27.615019659803458
10.135137783549661
39.973497441308062
70.308904178322365
-46.750085457204925
6.6648460254742172
6.9356428887533426
-90.074599255356119
-14786.740504374857
-21.609024434137279
122.69625819546989
-59.680007335448629
58.674393261919406
9.5674329634175432
-1.6171752409593714
-8.6640970880476278
-2.8017789398399930
-15122.381609404143
-1.9874039369136907
-11.290469660306393
1.5291554235976634
-128.29861413063367
-36.023550999415917
94.402991254401300
11.707758337619856
-3.8941268685733030
-5.1587459793364170
-66.271559891091471
27.409217895921586
-24.658286527320289
25.670744561675328
-35.764444277383056
-96.284795943603299
-7.2688201441430174
-37.891380007854615
-33.939266937432613
-16.129288639460764
72.246905836314568
-84647.325684617725
105.91394493429846
18.366585137141744
8.7873794703903201
-34.769862091024251
-64.754082140882275
-15.728655309139619
-6.6024998198432918
-13.807057488684210
8.2724750563200686
-123.13510870508999
13.890482293195669
22610.517046203011
6061.2175728498969
-12.517075054087396
-11.823315858490023
6.3807528904584885
-.98068105390998894
4.1382246905350026
5.1920758023063911
-346.67076492702819
109.38812074344693
80.790765710113618
-16.971781336201801
-14.644090301780162
-36.042179051990722
28.128706859752732
-8.9457615240068993
-1.6698786151657850
25.943674523506104
-87.269933422035976
5.7971185586753702
-81.108894678394279
70.898920366804049
-9.7990681337816756
-72.705119678630780
-12.027014412238534
41.353769091188838
-5.5581942055445763
1105.5796404662312
-3.2193630432493272
-1.2941031901646574
18.986198990259979
-9.3338854025340066
-52.198434643295855
-34.597519136902697
-31.347982542713382
-49.173534342989200
3.1674986852207900
2.7885403585946706
1.9491252902501846
2.2302519651614356
-2.9299269644084927
-1.8855824190389487
-88.098667227204842
4.6167797096644545
-27.585139554648617
88.330890175248769
-69.096304207073160
44.718732583073617
-8.3437863961957124
26.944389252121081
4.8161999930251298
29.358113938385543
26.418854412481927
30.292194911902779
-6.1334338960592989
104.33862760093844
-45.682987595431584
-31.848747920079479
10.216036807812531
36.546189751048743
-13.521959600627369
-6.4548201929511464
-34.979893503559033
106.34951368226903
5.8901176965030775
-18.741656515602248
-569.14577640055347
26.647720676602390
310.07852605594417
-16.244515848573968
-58.833145939927725
-.76803134382659088
-24.200004008150128
-27.664337141725426
6.7005362414678480
-37.669778593182528
-21.057778662758949
13.674634218661318
-8.4620528067216334
-56999.482878000381
-9.6316436895948812
-69.068506973245107
-25.733775328360650
-48.537403394800805
-1.2218178678248022
26.684382144816436
99.717164769619046
-1.2366529546078342
10.976881486935669
-48.580001287150431
58.280889141365357
8.4702462770129454
15.134492744276951
40.418117670763472
8.4325165675992970
-46.512992613333843
15.359498703335662
36.273154094103063
86.061529785723053
1.6067855694241875
-37.095506572446240
-3.1601361645416040
24146.315414275236
-23.701522253993684
-13.988588239173186
8.0252752619337713
-21.159742938469154
-53.090976287542780
-51.316418872978417
-2.9701589333373213
-.37249067263714042
159.97553283934798
-27.373853896629118
3.6683467542117660
-57.372490895166884
-18.457009580525657
-3.4998460829034457
14.167900233180267
58.427418591030268
-33.587381129623786
-11.121254775169987
4.2254714319653726
-419.81207409650011
23.313799140218702
-4.2776776678436503
-58.704189878254063
-6.1408134079094019
22.168159387229696
4.9904424148225504
3.0868323286215209
-5.1980056324211006
109.92313984963894
-2.7793398460845853
-11.375077470015562
-28.956601072475557
-9.7672281930418396
-13.570350847717116
28.603958348217734
86.981594743729588
-101.37613740385072
-83.340509583128636
2.7225845494875109
-133.27608396199400
-29.865488519298438
-1.9193547229957890
-40.997877587978152
24.853033283325221
-40.224446703665379
37.632298782180889
-1.2697952767484391
-17.453221665984074
50.545213193653801
-1.7636932891808146
63.560921729814034
-13.826383368960222
-37.832714832948376
-3.7439292922109022
3.4401153088282430
46.232159725307781
18.564083290493162
7.8864519327739524
-1.4397467729708251
-22.268311518773498
-15.803310203205418
-60.041906947222316
25.398155089693542
4.4307181806929821
15.938975679413947
-1.8077421880324469
-15.691035908570017
3.5822677759031092
11954.739266125844
-20.237925839913828
-6.7416221178906923
-18.703108564057455
15.777354566478257
26.714584112245937
29.361964964883665
.38603115511474800
-2.7237716248988963
43.103673290310468
-55.355331436431605
33.920991554952217
-22.789181012150980
1.1405952838859872
.34366229731865267
-45.111804923321777
-8.0436696565381283
-179.30233504786915
-2.8620980242814849
3.8394505515808484
-22.305870269493788
