-50.661879938732802
62.913482166408770
40.755523995765387
-3.1069261228624803
45.381302404842415
-20.392588913649291
-2.2330685128096062
-.21552499905844269
25.639992927659698
8.5767834414468052
5.9950462592709481
-117.38630781014095
-2.1128994850503999
31.543620403187482
11.039651945912903
9.5528147285481797
23.061233074645038
90.851928725125887
-138.78815615999213
-4.6932530058508819
40.359029692888235
-73.863616290174548
1.9907338815394973
241.05093066808442
13.499097575580253
-43.746722966857710
3.0370242879095031
-36.011972566112213
-21.632369527366439
-8.1059098741965983
17.894651544031962
8.8512958212299182
71.894130939717101
-14.405092615174400
19.982161992916883
17.879080419241276
-39.141694322945916
-33.390385908064623
9.4499831696398005
28.345853962518500
-7.5978800865289005
4.1595112326967696
-7.2209355241935755
.13722895432277762
12.544013985853816
1.3412877209669107
-26.354190150995631
4.7119848864237150
-10.207095231161174
12.074284252160561
-33.793730676492778
10.372891442252783
-.42930153104988089
25.449035839739764
-12.424004179729408
8.9344118488137081
-7.4434738643693379
4.3427804201011622
23.267016488736168
112.31478315117208
25.679705506040087
23.720687457965862
34.552201856327819
4.5151951994803392
6.0803336925325349
-.29753556543686061
-33.497906181049402
-15.968492729648416
-14.313221841516150
9.0570351998923755
24.413248086460875
-43.692412512303001
24.085936118563350
-73.676736963374964
-17.386956472826174
107.72712321400620
-40.273345196755514
27.384885471227300
2.3339836664079612
-26.660688684576431
-34.833300903647213
11.894643874564419
16.229883121895487
3.1387004810312495
-82.223075280134225
-12.694037172397787
-3.1830308023906899
2.0271750452131578
.28764324464257529
-2.9818277426263409
-7.2481228279800876
-11.434648292848408
25.560479896436028
-28.860469332970101
-22.161424069135521
-.84423656900067168
21.683813026840376
-20.063768768275224
-4.8213421683872282
-6.4666849236826565
88.771797898435850
-68.995760798335056
7.8841817725228776
5.4754186409069936
-19.158617083810384
-2.0358844075553546
-8.1479903129595304
-14.665099647579979
1.1210022739432255
-8.1301277990103156
-30.027233102050978
-6.6266103942781029
7316.2499228256083
-8130.4745703059789
12936.477198686420
-11571.312398224403
11087.531353711403
-16336.385759314038
2668.5933442409178
-4767.9015074597610
5315.0038358049314
2667.7105686559125
-5880.3751527226714
6955.2589582995870
3129.6234275710435
8570.6844250604117
-15117.271083707554
630.07326212485304
-2211.3675981204615
-10776.344904115831
-7732.2334495023761
17221.771296871630
4761.1445134909645
3405.4282753786838
-3126.2850357498405
-8041.9866187896605
2894.4683899941224
5581.3692076106645
-1407.1187225459848
-256.79842009671637
-3437.5201968395236
1252.0102356539182
3806.0682581645169
1270.4619212531177
-2298.7991690131889
667.90042018157328
-3984.5613864565703
1625.5442781709069
6456.7350172581018
-1401.5990607057754
-6892.2184889117643
-340.20831441420290
-12032.655390283786
13437.553417240337
533.94653410231501
-6855.7660293951903
5169.6600461100315
-4886.4646897590019
7288.8588181305458
-4602.5722824255781
11813.501620901712
4242.9126662882945
-8117.6925828952371
2269.7677810636842
-3600.1906344424197
-2876.6057073528782
869.61785937467846
1942.7325888727860
-979.58425236311416
82553.333456536959
-12841.361927392303
-70193.474420439801
-21702.182194517645
30874.920662857094
-12378.946818754130
20289.695199566322
-16231.977402842942
-51342.891696733575
24845.609219619921
22257.287627576654
1830.0611068586520
2659.7602237435872
21322.474424008331
371.09153742537507
-23002.810306019568
-3385.2537106771251
3673.6612988329662
-3491.5513866408610
-1950.7302060825318
2604.9626174396112
-7308.5977339424080
8918.3930983314458
-827.21481640366210
-3714.1617914291401
3114.3871862082124
-447.00800078546411
150.11383713705138
1882.9781964042597
870.37778343953357
-2897.4518243083826
3296.9944655226218
-208.58762881810185
-3407.7144887269924
1265.4476006754435
2156.9777912472732
-4659.1623037608297
2650.4659392379863
-122895.67925235197
108840.41177549218
93912.190677992825
-208398.63555318466
130323.62117416041
-37683.551420565374
18666.858822311024
19983.310783934856
13226.870458001693
-11547.814687626755
26440.171302744773
-31757.165714985280
-15121.984274312328
-2965.9502608292614
19131.096075420654
13346.423051810609
-5962.5673131221674
-12100.209447123647
-2109.1963333027929
4277.4856069064044
9144.2942610325372
1632.1144212698400
4237.7308059269553
-30571.476811609151
17224.983226418037
8377.1165838574907
-7279.5816519131113
-4446.4213435137463
6957.4223377877615
-16167.827646380327
4478.6979770407288
9020.5727799723827
-1535.3000492504543
11485.016288491906
6279.9886918785478
-8594.8131671360516
1277.1838940996929
-5870.8376468887200
-1373.3776780511071
-8348.2356420628857
343.62586069670044
-4606.6999859993193
10904.299388345426
6796.7586547586889
14646.710851121679
-13681.600472002181
-4495.9715567465591
-2138.9112258535088
-381.11698359062336
-1985.0307144878805
6879.0551187649735
1597.7011716523800
205.64408749930283
-4654.8022189447929
-93.579497162189725
8981.7821488788213
3972.2862187170476
-35203.080548196347
21643.058032067220
-242.41881535951197
-2379.9492760411918
148.14719620303865
2633.3579853484234
-250.51340767630137
1945.4403333342148
-1543.5657403926991
-1142.6841907974383
1171.8384523446032
-66.991911117316377
686.51908231104187
281.29938830830793
-3894.6304466143683
137.84967271606800
-1803.6529736592126
3323.1583329000850
2420.1359662863306
-364.92133790653185
487.69427241196371
-2947.2210829375240
209.33545729802094
386.61214265342323
265.86206069352437
-51.937513540039873
364.46130907490789
1677.7005959128303
104.89698908473380
-1995.7822755524551
1898.6556773287225
-1780.4647625898751
-174.62525638950677
3221.0644857308193
-3482.8446147810664
2142.2024683821323
-2161.8055264197810
210.22000642304764
-1857.0758564644764
-828.41218290915879
2203.9940523353243
-237.15457213501719
1484.5667684092912
-242.65471059734313
35183.876991062774
-25138.665637142454
-21082.938648584426
11288.603351524953
5800.0303574514419
-6231.6498611682418
253.68700438451890
3883.9538617677899
-4475.1371995906411
213.91763047227144
-65.485338131937766
2643.0634482497408
-5330.4674184177966
4244.3394522938224
650.11211789796323
-2892.5960931636077
-3302.8684614006797
4053.4150836460772
-109.95614583060606
3054.7180376418637
-1628.2131528378015
-364.25907031047097
-4678.3412738222414
3009.3271739757197
-3908.3050828980099
5636.1684613071984
-312.22180102357095
7569.5927611732204
-4323.3794788884552
-4319.9695781499167
5190.8176935299316
-593.60516638227489
-5069.0086203839710
-2889.6314640304136
1103.5852316709254
-11135.143240306712
-5983.4373136025115
7045.3715175170000
8154.8433167074854
13086.217434712355
-4200.6905256891832
6519.0745112742206
-7221.8534131829038
-4874.0721036945761
2985.8452416316727
-2773.4656057595612
1263.3814907721367
867.70016417422880
-1564.7199217580944
2789.9310495758646
-2003.9434953444891
-.45608123988375748
341.01932170620421
118.50396726265930
11.093895142479663
-39.629016797744150
242.72283025105048
-187.66588627499249
-601.40373088198328
383.76022132862124
395.95146768560210
52.898178178876293
-752.34728741514380
-106.25002327208050
851.32457784080248
163.46430391584457
-463.87521383035937
549.18344737447535
49.057409262906013
-121.85024812313500
222.43292521915214
330.73188350688730
-293.03644725527056
-520.07979056120882
872.74827689547135
-31.599826324073302
961.25379301278360
-207.96284946617268
-34.986472101809632
346.17761602746617
-314.95963380499933
-1334.7698058406343
-86.620524812449190
12.399604972162507
119.55760401233360
-55.989364611839868
9.1341034510053962
10.139381431993499
-331.15870040942485
-116.23306406766982
128.91084296732461
202.55770459242885
-249.81075336348007
-254.45405421699652
424.51550759163126
-57.331384851067661
-39.089970132312509
779.90632857823289
-557.62486116635557
431.23208196145896
116.16332945476631
-848.62811305648574
203.31803007722419
79.492121565076687
224.16860996238660
-361.04603130521093
-17.882452883808980
33.234171371113028
-261.18152181874234
-42.289254950027455
1.8612104528972622
111.93550458358904
528.91353358322749
-96.993607764838842
170.38872566799336
-210.41504065284511
-612.85016520716977
18.889327031638995
-26.487801043232572
43.944858806737400
221.93690698023480
-32.455143465425593
-14.975084342575416
-66.444117988656316
-386.57454878832408
25.530063338646539
7.0633204932620526
-180.01053756317182
79.468354142584161
-63.142899858551282
62.137989837314564
-328.05297333154533
187.22163156594749
53.527920214125409
-350.57381317101624
43.708083958716337
198.75814607196381
111.23039376509384
16.647024374501292
64.586593853636700
179.95371394644329
-8.4505388471450917
-9.2235744351630409
-208.35414152422945
100.78660730583115
42.645197333899667
-152.02020152905533
-119.26422777521483
41.510150006566171
-19.588244299074503
37.403436054485724
171.77074282504370
-28.524514790596932
54.283203550494456
-43.974975525652198
144.76912990209436
82.919042372663370
140.15549443448040
53.293977519690166
-2.3016081658696619
-82.197695169827355
-50.781112634660353
-99.611738258990044
24.435605306531336
62.676940208645838
-105.76107873840301
-93.674103001139926
-15.159959712662447
-121.62098292673210
-110.82517171572515
-75.132818301052140
297.57328913170625
-23.019922712723126
158.29384677678578
-66.302888334064562
116.26669531244235
62.520207678449324
-168.29735231354306
-98.090814174716499
-190.31133441988206
55.328163456611762
-75.496949615931129
-37.348322617706060
7.0769195798751570
-30.104715557089886
109.05448535580611
-9.2632732868440257
5.8668117664589037
69.870947585916042
-92.144859111447786
-12.644424879720225
-73.344334473338591
53.491180518825189
88.376264323989702
-65.635067052229431
100.63655721329668
-29.994129265471280
17.533817605860875
-38.728390914864192
11.425159568104686
10.251679803227079
22.004116916376162
-101.33957949937391
22.400175886430620
14.380676832335689
-27.908387693064313
5.6355815838407786
30.779495173617288
-95.304845969780658
-77.653332379062036
-43.364594716658686
2.7667768020703343
-55.883073829473091
19.599536614101144
2.8035522740980929
-14.361107654251581
30.036321854133195
40.489846366469351
-113.84074707545352
-23.418228374829674
-14.500919127198664
150.53851168394550
-28.082845886675553
-47.160784138741718
-63.781347957015214
12.248660156885727
-12.177549895869499
51.011217231822641
-36.609213512744795
15.281862633144753
15.814672902195184
93.503609177030157
109.65637019564751
-24.000273654277485
41.093330300157305
-10.034239802219092
35.731059419875052
-70.942447121340223
-32.831007876825545
2.1375814253210561
36.701608626684916
47.774076556719223
68.805094983361556
8.4494368883325048
12.005773412168605
67.979793759774722
-66.506861660921004
.94824389978394513E-001
118.02014099562837
90.585014480382739
92.228878573016445
-132.46456182762830
12.067100333834322
-55.522766505994596
212.48331445922480
-151.68680709005989
-353.79297914624567
-264.21288807223306
-295.17886507998747
-719.02895031877006
1164.5399893957140
221.78860932000319
-236.79494515775284
-80.852018313498490
29.668613950271933
20.974070902809800
-85.507406876493377
27.156388092579835
19.059418857988149
-121.27658286553866
107.09807931347129
-204.93588439063518
70.627120631326335
472.29029741573510
-574.85579737384205
-46.402107069907736
-44.821315231179547
325.28624963052090
-272.16598558682642
27.157125391602321
152.25592091084874
5.9575834690754421
285.98626563296460
-58.805543967029912
-399.54002691463461
-119.70895538248047
-141.19305732916305
-70.166316444309814
70.808637434590551
119.39339045885706
19.456142351868110
-15.720163621118763
139.56009541519106
393.71729994822317
-60.538639896862058
98.949146743331212
-119.59323294156006
145.29770842518315
-53.313557481416090
-429.55624817149788
198.13101550736698
121.00133468400672
275.25283157335929
87.933826790660589
236.11505702847595
-215.53465872861088
1.7377541799580929
-66.274753434557041
88.534623544858107
-69.336161414186790
430.57065511258037
-74.962629730320543
.10608312176672058
-48.561560581768099
76.080259413306024
-1.5548753363497685
242.68844239541599
-98.392111896259891
-51.726512183956665
-104.73872488470737
201.64630074263604
-423.52455487272954
-71.072300091561061
95.709474870835209
-130.62366125233055
-237.62708104420659
222.19931184985313
81.947005116684878
450.05316095994090
889.89676386073722
215.77890346453734
-342.12733375219261
638.20876395855475
130.31111077800543
763.19764075612011
38.942968023619144
221.65679220684098
-943.52303105358521
-264.88315980339627
-194.73637005201394
-702.52854634465575
-243.33535444803613
184.14488071672716
49.907065034136558
-81.821383994770855
-94.853747987194211
257.03506729146500
236.75184768907158
-40.576552236925671
-201.97003551105954
12.038561774170791
-98.236124113996141
71.575270569924854
-94.322385529528773
54.529310662817352
-379.37673992844572
-56.257127297293238
155.06593402391820
67.928543902197319
-321.92905157678661
110.11965267477211
158.12509660155573
185.98807930101273
-79.149054493285661
93.532992536133591
-52.088748277549698
-22.492875319633647
59.713042026319684
-13.333084519158259
-327.68035532496640
-35.680708872126573
-61.986836126606214
-109.37767862670886
90.925003481817484
-7.2234595865089428
-84.035751165579725
97.017308260591165
129.34770073208384
63.188558750083743
143.40135114176979
29.913004420577035
-34.940949897253581
49.380196456775572
-48.915212985723024
-7.3654278643098445
29.397125603318138
17.683693879393065
-24.647452598030394
-50.004740866079736
-68.337038684649684
31.498161076656601
-10.069350519329399
-14.055815047670380
-53.293936515247758
94.831934105815151
63.450652983512569
-93.163305671273477
-9.1822065450643215
167.03998336854622
58.482258442133926
125.45658636441210
-16.345512585896333
-61.465879705074968
213.62402141224058
178.11447244702100
-92.386472071894147
117.18013147820132
-23.802223938746650
41.039025687766753
9.9805118952581449
2.3431931410046820
-22.917171517255248
14.699176426326870
20.924975599596834
-164.53466602932477
-9.8616111968915590
11.485878439898986
51.572311760922403
543.89109745960275
-154.31952038749435
12.291529973930301
-149.64293445981315
-51.463797929086851
-13.064769593575178
78.498189898261856
-70.312039772947514
-108.14966507911942
40.816962831457168
-24.499683297620702
-87.614971651492951
-10.191468186949681
52.765505443208653
-70.097432094797583
-95.960944318080251
93.966730088129026
-133.35119254774673
68.226427416078025
105.32811106959636
31.722481067557379
.33452839434106341
-20.295523040861823
-61.022660483166405
-2.2301961950772733
-31.358917327744411
-29.475084004059308
7.7722393772429399
-72.002480468985837
-68.671920686182631
39.435350024792236
-15.152265513064609
51.962642274702780
1.9281585010325442
1.1258418173887303
-54.591507947130196
21.811698331313085
121.66983693674925
1.8239220140524672
56.975413692733675
20.342305137611639
36.385129451483728
-66.485469015796198
-20.894602085704324
-32.680454799926693
-47.252728117392365
10.306642821168042
-86.863724945345282
-20.387705374913583
-19.188016027273484
-43.041962069970317
11.190773323388195
-105.35170419340156
59.303022518166351
-64.724358244733949
-6.0013083745985494
-110.20029234937111
35.438404608300672
-232.91335536860427
10.026328872189236
1.9368601992157468
-6.4080284791910387
-.57518554124193466
8.4003653414094863
-17.767928666243424
2.8993828454781316
44.031393281150763
79.302018639621707
128.61727248631030
47.533281892297907
-37.113270322341215
-33.063668384399364
-14.693491768314386
.18551981523862615
64.640726396288457
49.729697268226651
-10.016010397322233
3.7058149746422000
64.650959434025580
-80.834330928805997
-3.4093604812341192
62.736607562413909
-27.715503019629878
54.872451178224786
-25.423931676092625
34.587991583147627
189.74670892079541
22.897605655530693
-30.414116809420374
-17.987703004470333
-29.947338568416669
43.565133553690877
-10.197089882365528
-38.237372152335908
18.617986973717521
25.002229091740382
.87598161584293688
53.208646668951339
-30.072196773300892
116.05889274518118
-1.2487606093656192
18.876033209060783
39.849589310587056
61.394252774820671
9.5808522459957803
23.646348373450373
-108.87647921827120
-47.234902067368353
-35.810344920302676
293.40680453586629
97.914044611482865
-108.19070442209276
17.087179357160426
-17.281752203748429
-148.06995022967141
-57.849804801199618
137.26426825374364
-23.759697141867768
40.067470397402673
-53.577396715313725
20.113083272957528
14.363491079264726
-3.6785433371316936
40.956686867823784
92.935555473069925
-45.589343920679561
49.789493158349288
27182.004962392355
-27240.230005176927
-22.237454618587105
-51.601308090251806
47.895804252142774
46.303147564344883
3.2384894312228347
18.390441802615651
74.988322236336188
-45.583260851319068
8.4261375212789567
.10403562145343913
31.674365444882223
38.497331426783596
-55.090521092798987
32.479615092478596
-15.050454442802939
-21.498896930638288
15.099576980608791
3.1454679627018529
71.388738186910913
-33.438693120983189
-10.133171859102193
-4.1864757165596069
34.202830043528159
16.014896356279401
30.294775178808262
-12.581285669586970
19.787042412750633
20.575710408922742
3.7344842296139116
-22.004863786128553
-102.89807893127337
40.741957560754990
-4.3175366710815553
-50.897595953998810
-2.3445683568037450
-5.5547569937864365
-32.583687005121178
66.371935404559650
-45.773111988880451
14.496735110501364
-11.173869625707487
5.1523946413047517
-1.8934954316793213
26.007699490783509
-28.418761455094891
-6.1136645060164119
12.929237961304079
-60.770818039130511
8.3816151269931645
-.35242547987471035
-157.65857999391511
-9.3271248612825612
-11.263269461262745
40.202877124133266
-43.383795174240348
-48.710163988371647
-39.522327820044772
33.737111126761796
-53.375259887343219
17.804679153685210
-86.670703320547801
-20.740113007150455
41.105052311663442
-48.820943226519688
12.580032042576395
17.709381645874071
-48.040318436205723
104.54052542674194
-20.784650264381689
-88.962054065113293
-324.22321861005042
-6.7952623542296866
-107.73092182312801
10.845555787754186
48.438158830627756
9.8496796208008934
-92.254143756499658
24.121815339969537
3.2845892481732726
96.020637166542400
-17.854897616357107
-182.01343753042801
-100.63900989085714
-47.193584351595256
-2.9262189788029676
22.292284965441784
-5.1519651055728408
-5.4337452400402775
1.3096424084451668
-5.1830688969481589
11.009855064038607
3.2738379846850383
7.9439213300887106
16.488750808860164
3.8417194474176188
2.2601894059698426
-25.982594590050574
-3.6697349438716351
-4.8675356132064573
2.4180707025753119
-.57147119534517321
10.448938314034372
6.6968026697059146
1.0919588414774664
-4.1216262498583776
8.5804993505024960
3.8434793441313255
-36.390413974954967
-36.730934629746670
-8.8701023103848122
-4.3139737091808836
-1.2618119708161903
12.645951010133624
-13.787159768458018
11.289979717369523
165.39896729893883
-74.771772700712106
-24.029586043190083
-108.00683614426431
-28.386867930756075
29.601495672112986
27.376125840411373
9.0892855646587929
-204.16683867811935
42.640679163553955
-339.65513148910526
67.776720501958920
283.37094820967820
-147.36890428107480
170.46883194555161
59.825535795231801
-67.321505010981198
159.84388233174496
-35.651793051625567
60.891447858815127
-30.804930878431708
1.7865603086054453
-5.0197357076993399
-126.33996189146357
-18.938473655341486
-237.54793400623865
54.424153380545867
-74.289640841748110
-21.516577418188017
-135.44791686971297
